0 0 0
0 1000 0
0 3000 0
0 10000 0
0 30000 0
0 100000 0
0 300000 0
111194.926659078 0 4.17
111194.926659078 1000 4.17
111194.926659078 3000 4.17
111194.926659078 10000 4.24
111194.926659078 30000 2.97
111194.926659078 100000 5.39
111194.926659078 300000 25.34
222389.853318156 0 19.91
222389.853318156 1000 19.91
222389.853318156 3000 19.67
222389.853318156 10000 18.83
222389.853318156 30000 16.72
222389.853318156 100000 17.54
222389.853318156 300000 31.73
333584.779977233 0 33.66
333584.779977233 1000 33.66
333584.779977233 3000 33.42
333584.779977233 10000 32.58
333584.779977233 30000 30.47
333584.779977233 100000 30.71
333584.779977233 300000 40.71
444779.706636311 0 47.41
444779.706636311 1000 47.41
444779.706636311 3000 47.17
444779.706636311 10000 46.33
444779.706636311 30000 44.22
444779.706636311 100000 44.14
444779.706636311 300000 51.17
555974.633295389 0 61.15
555974.633295389 1000 61.15
555974.633295389 3000 60.91
555974.633295389 10000 60.07
555974.633295389 30000 57.96
555974.633295389 100000 57.67
555974.633295389 300000 62.48
667169.559954467 0 74.89
667169.559954467 1000 74.89
667169.559954467 3000 74.65
667169.559954467 10000 73.81
667169.559954467 30000 71.7
667169.559954467 100000 71.24
667169.559954467 300000 74.26
778364.486613545 0 88.63
778364.486613545 1000 88.63
778364.486613545 3000 88.39
778364.486613545 10000 87.54
778364.486613545 30000 85.43
778364.486613545 100000 84.83
778364.486613545 300000 86.32
889559.413272622 0 102.35
889559.413272622 1000 102.35
889559.413272622 3000 102.11
889559.413272622 10000 101.27
889559.413272622 30000 99.16
889559.413272622 100000 98.42
889559.413272622 300000 98.52
1000754.3399317 0 116.07
1000754.3399317 1000 116.07
1000754.3399317 3000 115.83
1000754.3399317 10000 114.99
1000754.3399317 30000 112.87
1000754.3399317 100000 112.02
1000754.3399317 300000 110.79
1111949.26659078 0 129.78
1111949.26659078 1000 129.78
1111949.26659078 3000 129.53
1111949.26659078 10000 128.69
1111949.26659078 30000 126.57
1111949.26659078 100000 125.62
1111949.26659078 300000 123.07
1223144.19324986 0 143.47
1223144.19324986 1000 143.47
1223144.19324986 3000 143.23
1223144.19324986 10000 142.38
1223144.19324986 30000 140.26
1223144.19324986 100000 139.21
1223144.19324986 300000 135.3
1334339.11990893 0 157.15
1334339.11990893 1000 157.15
1334339.11990893 3000 156.91
1334339.11990893 10000 156.06
1334339.11990893 30000 153.94
1334339.11990893 100000 152.61
1334339.11990893 300000 147.47
1445534.04656801 0 170.82
1445534.04656801 1000 170.82
1445534.04656801 3000 170.58
1445534.04656801 10000 169.73
1445534.04656801 30000 167.6
1445534.04656801 100000 165.82
1445534.04656801 300000 159.55
1556728.97322709 0 184.47
1556728.97322709 1000 184.47
1556728.97322709 3000 184.23
1556728.97322709 10000 183.38
1556728.97322709 30000 181.25
1556728.97322709 100000 178.84
1556728.97322709 300000 170.98
1667923.89988617 0 198.11
1667923.89988617 1000 198.11
1667923.89988617 3000 197.86
1667923.89988617 10000 197.02
1667923.89988617 30000 194.83
1667923.89988617 100000 191.63
1667923.89988617 300000 181.99
1779118.82654524 0 211.25
1779118.82654524 1000 211.25
1779118.82654524 3000 211
1779118.82654524 10000 210.11
1779118.82654524 30000 207.82
1779118.82654524 100000 204.17
1779118.82654524 300000 192.93
1890313.75320432 0 224
1890313.75320432 1000 224
1890313.75320432 3000 223.74
1890313.75320432 10000 222.83
1890313.75320432 30000 220.48
1890313.75320432 100000 216.49
1890313.75320432 300000 203.79
2001508.6798634 0 236.45
2001508.6798634 1000 236.45
2001508.6798634 3000 236.18
2001508.6798634 10000 235.26
2001508.6798634 30000 232.87
2001508.6798634 100000 227.77
2001508.6798634 300000 214.57
2112703.60652248 0 248.02
2112703.60652248 1000 248.02
2112703.60652248 3000 247.74
2112703.60652248 10000 246.75
2112703.60652248 30000 244.16
2112703.60652248 100000 238.71
2112703.60652248 300000 225.25
2223898.53318156 0 258.96
2223898.53318156 1000 258.96
2223898.53318156 3000 258.67
2223898.53318156 10000 257.68
2223898.53318156 30000 255.08
2223898.53318156 100000 249.56
2223898.53318156 300000 235.81
2335093.45984063 0 269.81
2335093.45984063 1000 269.81
2335093.45984063 3000 269.53
2335093.45984063 10000 268.53
2335093.45984063 30000 265.92
2335093.45984063 100000 260.32
2335093.45984063 300000 245.76
2446288.38649971 0 280.56
2446288.38649971 1000 280.56
2446288.38649971 3000 280.28
2446288.38649971 10000 279.28
2446288.38649971 30000 276.65
2446288.38649971 100000 270.96
2446288.38649971 300000 254.9
2557483.31315879 0 291.2
2557483.31315879 1000 291.2
2557483.31315879 3000 290.91
2557483.31315879 10000 289.9
2557483.31315879 30000 287.26
2557483.31315879 100000 281.18
2557483.31315879 300000 264
2668678.23981787 0 301.16
2668678.23981787 1000 301.16
2668678.23981787 3000 300.86
2668678.23981787 10000 299.79
2668678.23981787 30000 296.98
2668678.23981787 100000 290.31
2668678.23981787 300000 273.05
2779873.16647694 0 310.28
2779873.16647694 1000 310.28
2779873.16647694 3000 309.97
2779873.16647694 10000 308.91
2779873.16647694 30000 306.09
2779873.16647694 100000 299.4
2779873.16647694 300000 282.05
2891068.09313602 0 319.35
2891068.09313602 1000 319.35
2891068.09313602 3000 319.05
2891068.09313602 10000 317.99
2891068.09313602 30000 315.16
2891068.09313602 100000 308.45
2891068.09313602 300000 290.99
3002263.0197951 0 328.38
3002263.0197951 1000 328.38
3002263.0197951 3000 328.08
3002263.0197951 10000 327.01
3002263.0197951 30000 324.19
3002263.0197951 100000 317.43
3002263.0197951 300000 299.88
3113457.94645418 0 337.35
3113457.94645418 1000 337.35
3113457.94645418 3000 337.04
3113457.94645418 10000 335.98
3113457.94645418 30000 333.14
3113457.94645418 100000 326.36
3113457.94645418 300000 308.73
3224652.87311326 0 346.26
3224652.87311326 1000 346.26
3224652.87311326 3000 345.95
3224652.87311326 10000 344.88
3224652.87311326 30000 342.04
3224652.87311326 100000 335.23
3224652.87311326 300000 317.54
3335847.79977233 0 355.12
3335847.79977233 1000 355.12
3335847.79977233 3000 354.82
3335847.79977233 10000 353.75
3335847.79977233 30000 350.9
3335847.79977233 100000 344.07
3335847.79977233 300000 326.31
3447042.72643141 0 363.95
3447042.72643141 1000 363.95
3447042.72643141 3000 363.64
3447042.72643141 10000 362.57
3447042.72643141 30000 359.72
3447042.72643141 100000 352.88
3447042.72643141 300000 335.04
3558237.65309049 0 372.74
3558237.65309049 1000 372.74
3558237.65309049 3000 372.43
3558237.65309049 10000 371.36
3558237.65309049 30000 368.51
3558237.65309049 100000 361.64
3558237.65309049 300000 343.72
3669432.57974957 0 381.49
3669432.57974957 1000 381.49
3669432.57974957 3000 381.18
3669432.57974957 10000 380.1
3669432.57974957 30000 377.25
3669432.57974957 100000 370.35
3669432.57974957 300000 352.35
3780627.50640864 0 390.18
3780627.50640864 1000 390.18
3780627.50640864 3000 389.87
3780627.50640864 10000 388.8
3780627.50640864 30000 385.94
3780627.50640864 100000 379.01
3780627.50640864 300000 360.92
3891822.43306772 0 398.83
3891822.43306772 1000 398.83
3891822.43306772 3000 398.52
3891822.43306772 10000 397.44
3891822.43306772 30000 394.57
3891822.43306772 100000 387.62
3891822.43306772 300000 369.43
4003017.3597268 0 407.41
4003017.3597268 1000 407.41
4003017.3597268 3000 407.1
4003017.3597268 10000 406.02
4003017.3597268 30000 403.15
4003017.3597268 100000 396.17
4003017.3597268 300000 377.89
4114212.28638588 0 415.94
4114212.28638588 1000 415.94
4114212.28638588 3000 415.63
4114212.28638588 10000 414.55
4114212.28638588 30000 411.67
4114212.28638588 100000 404.66
4114212.28638588 300000 386.28
4225407.21304496 0 424.41
4225407.21304496 1000 424.41
4225407.21304496 3000 424.1
4225407.21304496 10000 423.01
4225407.21304496 30000 420.13
4225407.21304496 100000 413.09
4225407.21304496 300000 394.6
4336602.13970403 0 432.81
4336602.13970403 1000 432.81
4336602.13970403 3000 432.5
4336602.13970403 10000 431.41
4336602.13970403 30000 428.52
4336602.13970403 100000 421.45
4336602.13970403 300000 402.86
4447797.06636311 0 441.15
4447797.06636311 1000 441.15
4447797.06636311 3000 440.84
4447797.06636311 10000 439.75
4447797.06636311 30000 436.85
4447797.06636311 100000 429.75
4447797.06636311 300000 411.06
4558991.99302219 0 449.42
4558991.99302219 1000 449.42
4558991.99302219 3000 449.11
4558991.99302219 10000 448.02
4558991.99302219 30000 445.11
4558991.99302219 100000 437.98
4558991.99302219 300000 419.19
4670186.91968127 0 457.62
4670186.91968127 1000 457.62
4670186.91968127 3000 457.31
4670186.91968127 10000 456.22
4670186.91968127 30000 453.31
4670186.91968127 100000 446.14
4670186.91968127 300000 427.25
4781381.84634034 0 465.76
4781381.84634034 1000 465.76
4781381.84634034 3000 465.44
4781381.84634034 10000 464.35
4781381.84634034 30000 461.43
4781381.84634034 100000 454.23
4781381.84634034 300000 435.24
4892576.77299942 0 473.82
4892576.77299942 1000 473.82
4892576.77299942 3000 473.51
4892576.77299942 10000 472.41
4892576.77299942 30000 469.49
4892576.77299942 100000 462.26
4892576.77299942 300000 443.17
5003771.6996585 0 481.82
5003771.6996585 1000 481.82
5003771.6996585 3000 481.5
5003771.6996585 10000 480.41
5003771.6996585 30000 477.48
5003771.6996585 100000 470.22
5003771.6996585 300000 451.02
5114966.62631758 0 489.74
5114966.62631758 1000 489.74
5114966.62631758 3000 489.43
5114966.62631758 10000 488.33
5114966.62631758 30000 485.39
5114966.62631758 100000 478.1
5114966.62631758 300000 458.81
5226161.55297666 0 497.6
5226161.55297666 1000 497.6
5226161.55297666 3000 497.28
5226161.55297666 10000 496.18
5226161.55297666 30000 493.24
5226161.55297666 100000 485.91
5226161.55297666 300000 466.53
5337356.47963573 0 505.38
5337356.47963573 1000 505.38
5337356.47963573 3000 505.06
5337356.47963573 10000 503.96
5337356.47963573 30000 501.01
5337356.47963573 100000 493.66
5337356.47963573 300000 474.17
5448551.40629481 0 513.09
5448551.40629481 1000 513.09
5448551.40629481 3000 512.77
5448551.40629481 10000 511.67
5448551.40629481 30000 508.71
5448551.40629481 100000 501.33
5448551.40629481 300000 481.75
5559746.33295389 0 520.73
5559746.33295389 1000 520.73
5559746.33295389 3000 520.41
5559746.33295389 10000 519.3
5559746.33295389 30000 516.34
5559746.33295389 100000 508.93
5559746.33295389 300000 489.25
5670941.25961297 0 528.29
5670941.25961297 1000 528.29
5670941.25961297 3000 527.98
5670941.25961297 10000 526.87
5670941.25961297 30000 523.9
5670941.25961297 100000 516.46
5670941.25961297 300000 496.69
5782136.18627204 0 535.79
5782136.18627204 1000 535.79
5782136.18627204 3000 535.47
5782136.18627204 10000 534.36
5782136.18627204 30000 531.39
5782136.18627204 100000 523.91
5782136.18627204 300000 504.05
5893331.11293112 0 543.21
5893331.11293112 1000 543.21
5893331.11293112 3000 542.89
5893331.11293112 10000 541.78
5893331.11293112 30000 538.8
5893331.11293112 100000 531.3
5893331.11293112 300000 511.35
6004526.0395902 0 550.56
6004526.0395902 1000 550.56
6004526.0395902 3000 550.24
6004526.0395902 10000 549.12
6004526.0395902 30000 546.14
6004526.0395902 100000 538.61
6004526.0395902 300000 518.57
6115720.96624928 0 557.84
6115720.96624928 1000 557.84
6115720.96624928 3000 557.52
6115720.96624928 10000 556.4
6115720.96624928 30000 553.41
6115720.96624928 100000 545.85
6115720.96624928 300000 525.72
6226915.89290836 0 565.04
6226915.89290836 1000 565.04
6226915.89290836 3000 564.72
6226915.89290836 10000 563.6
6226915.89290836 30000 560.61
6226915.89290836 100000 553.02
6226915.89290836 300000 532.8
6338110.81956743 0 572.17
6338110.81956743 1000 572.17
6338110.81956743 3000 571.85
6338110.81956743 10000 570.73
6338110.81956743 30000 567.73
6338110.81956743 100000 560.11
6338110.81956743 300000 539.81
6449305.74622651 0 579.23
6449305.74622651 1000 579.23
6449305.74622651 3000 578.91
6449305.74622651 10000 577.79
6449305.74622651 30000 574.78
6449305.74622651 100000 567.14
6449305.74622651 300000 546.75
6560500.67288559 0 586.22
6560500.67288559 1000 586.22
6560500.67288559 3000 585.89
6560500.67288559 10000 584.77
6560500.67288559 30000 581.76
6560500.67288559 100000 574.09
6560500.67288559 300000 553.62
6671695.59954467 0 593.13
6671695.59954467 1000 593.13
6671695.59954467 3000 592.81
6671695.59954467 10000 591.68
6671695.59954467 30000 588.67
6671695.59954467 100000 580.97
6671695.59954467 300000 560.42
6782890.52620374 0 599.97
6782890.52620374 1000 599.97
6782890.52620374 3000 599.65
6782890.52620374 10000 598.52
6782890.52620374 30000 595.5
6782890.52620374 100000 587.78
6782890.52620374 300000 567.14
6894085.45286282 0 606.74
6894085.45286282 1000 606.74
6894085.45286282 3000 606.42
6894085.45286282 10000 605.29
6894085.45286282 30000 602.26
6894085.45286282 100000 594.51
6894085.45286282 300000 573.8
7005280.3795219 0 613.44
7005280.3795219 1000 613.44
7005280.3795219 3000 613.11
7005280.3795219 10000 611.98
7005280.3795219 30000 608.95
7005280.3795219 100000 601.18
7005280.3795219 300000 580.38
7116475.30618098 0 620.06
7116475.30618098 1000 620.06
7116475.30618098 3000 619.74
7116475.30618098 10000 618.6
7116475.30618098 30000 615.57
7116475.30618098 100000 607.77
7116475.30618098 300000 586.9
7227670.23284006 0 626.61
7227670.23284006 1000 626.61
7227670.23284006 3000 626.29
7227670.23284006 10000 625.15
7227670.23284006 30000 622.11
7227670.23284006 100000 614.29
7227670.23284006 300000 593.34
7338865.15949913 0 633.09
7338865.15949913 1000 633.09
7338865.15949913 3000 632.76
7338865.15949913 10000 631.63
7338865.15949913 30000 628.58
7338865.15949913 100000 620.73
7338865.15949913 300000 599.71
7450060.08615821 0 639.49
7450060.08615821 1000 639.49
7450060.08615821 3000 639.17
7450060.08615821 10000 638.03
7450060.08615821 30000 634.98
7450060.08615821 100000 627.11
7450060.08615821 300000 606.01
7561255.01281729 0 645.83
7561255.01281729 1000 645.83
7561255.01281729 3000 645.5
7561255.01281729 10000 644.36
7561255.01281729 30000 641.3
7561255.01281729 100000 633.41
7561255.01281729 300000 612.24
7672449.93947637 0 652.09
7672449.93947637 1000 652.09
7672449.93947637 3000 651.76
7672449.93947637 10000 650.62
7672449.93947637 30000 647.55
7672449.93947637 100000 639.64
7672449.93947637 300000 618.39
7783644.86613545 0 658.27
7783644.86613545 1000 658.27
7783644.86613545 3000 657.94
7783644.86613545 10000 656.8
7783644.86613545 30000 653.73
7783644.86613545 100000 645.79
7783644.86613545 300000 624.48
7894839.79279452 0 664.38
7894839.79279452 1000 664.38
7894839.79279452 3000 664.06
7894839.79279452 10000 662.91
7894839.79279452 30000 659.84
7894839.79279452 100000 651.88
7894839.79279452 300000 630.49
8006034.7194536 0 670.42
8006034.7194536 1000 670.42
8006034.7194536 3000 670.1
8006034.7194536 10000 668.95
8006034.7194536 30000 665.87
8006034.7194536 100000 657.89
8006034.7194536 300000 636.43
8117229.64611268 0 676.39
8117229.64611268 1000 676.39
8117229.64611268 3000 676.06
8117229.64611268 10000 674.91
8117229.64611268 30000 671.83
8117229.64611268 100000 663.82
8117229.64611268 300000 642.3
8228424.57277176 0 682.28
8228424.57277176 1000 682.28
8228424.57277176 3000 681.95
8228424.57277176 10000 680.8
8228424.57277176 30000 677.72
8228424.57277176 100000 669.69
8228424.57277176 300000 648.09
8339619.49943083 0 688.1
8339619.49943083 1000 688.1
8339619.49943083 3000 687.77
8339619.49943083 10000 686.62
8339619.49943083 30000 683.53
8339619.49943083 100000 675.48
8339619.49943083 300000 653.81
8450814.42608991 0 693.84
8450814.42608991 1000 693.84
8450814.42608991 3000 693.51
8450814.42608991 10000 692.36
8450814.42608991 30000 689.27
8450814.42608991 100000 681.19
8450814.42608991 300000 659.46
8562009.35274899 0 699.51
8562009.35274899 1000 699.51
8562009.35274899 3000 699.18
8562009.35274899 10000 698.03
8562009.35274899 30000 694.93
8562009.35274899 100000 686.83
8562009.35274899 300000 665.04
8673204.27940807 0 705.1
8673204.27940807 1000 705.1
8673204.27940807 3000 704.77
8673204.27940807 10000 703.62
8673204.27940807 30000 700.51
8673204.27940807 100000 692.4
8673204.27940807 300000 670.54
8784399.20606714 0 710.62
8784399.20606714 1000 710.62
8784399.20606714 3000 710.29
8784399.20606714 10000 709.13
8784399.20606714 30000 706.03
8784399.20606714 100000 697.89
8784399.20606714 300000 675.96
8895594.13272622 0 716.06
8895594.13272622 1000 716.06
8895594.13272622 3000 715.73
8895594.13272622 10000 714.57
8895594.13272622 30000 711.46
8895594.13272622 100000 703.3
8895594.13272622 300000 681.31
9006789.0593853 0 721.43
9006789.0593853 1000 721.43
9006789.0593853 3000 721.1
9006789.0593853 10000 719.94
9006789.0593853 30000 716.82
9006789.0593853 100000 708.64
9006789.0593853 300000 686.59
9117983.98604438 0 726.72
9117983.98604438 1000 726.72
9117983.98604438 3000 726.39
9117983.98604438 10000 725.23
9117983.98604438 30000 722.1
9117983.98604438 100000 713.91
9117983.98604438 300000 691.79
9229178.91270346 0 731.93
9229178.91270346 1000 731.93
9229178.91270346 3000 731.6
9229178.91270346 10000 730.44
9229178.91270346 30000 727.31
9229178.91270346 100000 719.09
9229178.91270346 300000 696.91
9340373.83936253 0 737.06
9340373.83936253 1000 737.06
9340373.83936253 3000 736.73
9340373.83936253 10000 735.57
9340373.83936253 30000 732.44
9340373.83936253 100000 724.2
9340373.83936253 300000 701.96
9451568.76602161 0 742.11
9451568.76602161 1000 742.11
9451568.76602161 3000 741.78
9451568.76602161 10000 740.62
9451568.76602161 30000 737.48
9451568.76602161 100000 729.23
9451568.76602161 300000 706.93
9562763.69268069 0 747.09
9562763.69268069 1000 747.09
9562763.69268069 3000 746.76
9562763.69268069 10000 745.59
9562763.69268069 30000 742.45
9562763.69268069 100000 734.18
9562763.69268069 300000 711.82
9673958.61933977 0 751.99
9673958.61933977 1000 751.99
9673958.61933977 3000 751.66
9673958.61933977 10000 750.49
9673958.61933977 30000 747.35
9673958.61933977 100000 739.06
9673958.61933977 300000 716.61
9785153.54599884 0 756.79
9785153.54599884 1000 756.79
9785153.54599884 3000 756.45
9785153.54599884 10000 755.28
9785153.54599884 30000 752.14
9785153.54599884 100000 743.82
9785153.54599884 300000 721.33
9896348.47265792 0 761.5
9896348.47265792 1000 761.5
9896348.47265792 3000 761.17
9896348.47265792 10000 760
9896348.47265792 30000 756.85
9896348.47265792 100000 748.52
9896348.47265792 300000 726
10007543.399317 0 766.18
10007543.399317 1000 766.18
10007543.399317 3000 765.85
10007543.399317 10000 764.68
10007543.399317 30000 761.52
10007543.399317 100000 753.19
10007543.399317 300000 730.65
10118738.3259761 0 770.83
10118738.3259761 1000 770.83
10118738.3259761 3000 770.49
10118738.3259761 10000 769.32
10118738.3259761 30000 766.17
10118738.3259761 100000 757.83
10118738.3259761 300000 735.28
10229933.2526352 0 775.45
10229933.2526352 1000 775.45
10229933.2526352 3000 775.12
10229933.2526352 10000 773.95
10229933.2526352 30000 770.79
10229933.2526352 100000 762.45
10229933.2526352 300000 739.88
10341128.1792942 0 780.06
10341128.1792942 1000 780.06
10341128.1792942 3000 779.72
10341128.1792942 10000 778.55
10341128.1792942 30000 775.4
10341128.1792942 100000 767.05
10341128.1792942 300000 744.47
10452323.1059533 0 784.65
10452323.1059533 1000 784.65
10452323.1059533 3000 784.31
10452323.1059533 10000 783.14
10452323.1059533 30000 779.98
10452323.1059533 100000 771.63
10452323.1059533 300000 749.03
10563518.0326124 0 789.21
10563518.0326124 1000 789.21
10563518.0326124 3000 788.87
10563518.0326124 10000 787.7
10563518.0326124 30000 784.54
10563518.0326124 100000 776.18
10563518.0326124 300000 753.57
10674712.9592715 0 793.74
10674712.9592715 1000 793.74
10674712.9592715 3000 793.41
10674712.9592715 10000 792.24
10674712.9592715 30000 789.08
10674712.9592715 100000 780.71
10674712.9592715 300000 758.07
10785907.8859305 0 798.25
10785907.8859305 1000 798.25
10785907.8859305 3000 797.91
10785907.8859305 10000 796.74
10785907.8859305 30000 793.58
10785907.8859305 100000 785.2
10785907.8859305 300000 762.54
10897102.8125896 0 802.72
10897102.8125896 1000 802.72
10897102.8125896 3000 802.38
10897102.8125896 10000 801.21
10897102.8125896 30000 798.05
10897102.8125896 100000 789.66
10897102.8125896 300000 766.99
11008297.7392487 0 807.16
11008297.7392487 1000 807.16
11008297.7392487 3000 806.82
11008297.7392487 10000 805.65
11008297.7392487 30000 802.49
11008297.7392487 100000 794.1
11008297.7392487 300000 771.42
11119492.6659078 0 811.6
11119492.6659078 1000 811.6
11119492.6659078 3000 811.26
11119492.6659078 10000 810.09
11119492.6659078 30000 806.93
11119492.6659078 100000 798.54
11119492.6659078 300000 775.86
11230687.5925669 0 816.04
11230687.5925669 1000 816.04
11230687.5925669 3000 815.7
11230687.5925669 10000 814.53
11230687.5925669 30000 811.36
11230687.5925669 100000 802.98
11230687.5925669 300000 780.3
11341882.5192259 0 820.48
11341882.5192259 1000 820.48
11341882.5192259 3000 820.14
11341882.5192259 10000 818.97
11341882.5192259 30000 815.8
11341882.5192259 100000 807.42
11341882.5192259 300000 784.74
11453077.445885 0 824.91
11453077.445885 1000 824.91
11453077.445885 3000 824.58
11453077.445885 10000 823.41
11453077.445885 30000 820.24
11453077.445885 100000 811.86
11453077.445885 300000 789.18
11564272.3725441 0 829.35
11564272.3725441 1000 829.35
11564272.3725441 3000 829.02
11564272.3725441 10000 827.84
11564272.3725441 30000 824.68
11564272.3725441 100000 816.3
11564272.3725441 300000 793.62
11675467.2992032 0 833.79
11675467.2992032 1000 833.79
11675467.2992032 3000 833.46
11675467.2992032 10000 832.28
11675467.2992032 30000 829.12
11675467.2992032 100000 820.73
11675467.2992032 300000 798.06
11786662.2258622 0 838.23
11786662.2258622 1000 838.23
11786662.2258622 3000 837.9
11786662.2258622 10000 836.72
11786662.2258622 30000 833.56
11786662.2258622 100000 825.17
11786662.2258622 300000 802.5
11897857.1525213 0 842.67
11897857.1525213 1000 842.67
11897857.1525213 3000 842.33
11897857.1525213 10000 841.16
11897857.1525213 30000 838
11897857.1525213 100000 829.61
11897857.1525213 300000 806.94
12009052.0791804 0 847.11
12009052.0791804 1000 847.11
12009052.0791804 3000 846.77
12009052.0791804 10000 845.6
12009052.0791804 30000 842.44
12009052.0791804 100000 834.05
12009052.0791804 300000 811.38
12120247.0058395 0 851.55
12120247.0058395 1000 851.55
12120247.0058395 3000 851.21
12120247.0058395 10000 850.04
12120247.0058395 30000 846.88
12120247.0058395 100000 838.49
12120247.0058395 300000 815.81
12231441.9324986 0 855.99
12231441.9324986 1000 855.99
12231441.9324986 3000 855.65
12231441.9324986 10000 854.48
12231441.9324986 30000 851.32
12231441.9324986 100000 842.93
12231441.9324986 300000 820.25
12342636.8591576 0 860.43
12342636.8591576 1000 860.43
12342636.8591576 3000 860.09
12342636.8591576 10000 858.92
12342636.8591576 30000 855.75
12342636.8591576 100000 847.37
12342636.8591576 300000 824.69
12453831.7858167 0 864.87
12453831.7858167 1000 864.87
12453831.7858167 3000 864.53
12453831.7858167 10000 863.36
12453831.7858167 30000 860.19
12453831.7858167 100000 851.81
12453831.7858167 300000 829.13
12565026.7124758 0 869.3
12565026.7124758 1000 869.3
12565026.7124758 3000 868.97
12565026.7124758 10000 867.79
12565026.7124758 30000 864.63
12565026.7124758 100000 856.25
12565026.7124758 300000 833.57
12676221.6391349 0 873.74
12676221.6391349 1000 873.74
12676221.6391349 3000 873.41
12676221.6391349 10000 872.23
12676221.6391349 30000 869.07
12676221.6391349 100000 860.69
12676221.6391349 300000 838.01
12787416.5657939 0 878.18
12787416.5657939 1000 878.18
12787416.5657939 3000 877.85
12787416.5657939 10000 876.67
12787416.5657939 30000 873.51
12787416.5657939 100000 865.12
12787416.5657939 300000 842.45
12898611.492453 0 882.62
12898611.492453 1000 882.62
12898611.492453 3000 882.29
12898611.492453 10000 881.11
12898611.492453 30000 877.95
12898611.492453 100000 869.56
12898611.492453 300000 846.89
13009806.4191121 0 887.06
13009806.4191121 1000 887.06
13009806.4191121 3000 886.72
13009806.4191121 10000 885.55
13009806.4191121 30000 882.39
13009806.4191121 100000 874
13009806.4191121 300000 851.33
13121001.3457712 0 891.5
13121001.3457712 1000 891.5
13121001.3457712 3000 891.16
13121001.3457712 10000 889.99
13121001.3457712 30000 886.83
13121001.3457712 100000 878.44
13121001.3457712 300000 855.76
13232196.2724303 0 895.94
13232196.2724303 1000 895.94
13232196.2724303 3000 895.6
13232196.2724303 10000 894.43
13232196.2724303 30000 891.27
13232196.2724303 100000 882.88
13232196.2724303 300000 860.2
13343391.1990893 0 900.38
13343391.1990893 1000 900.38
13343391.1990893 3000 900.04
13343391.1990893 10000 898.87
13343391.1990893 30000 895.7
13343391.1990893 100000 887.32
13343391.1990893 300000 864.64
13454586.1257484 0 904.82
13454586.1257484 1000 904.82
13454586.1257484 3000 904.48
13454586.1257484 10000 903.31
13454586.1257484 30000 900.14
13454586.1257484 100000 891.76
13454586.1257484 300000 869.08
13565781.0524075 0 909.25
13565781.0524075 1000 909.25
13565781.0524075 3000 908.92
13565781.0524075 10000 907.74
13565781.0524075 30000 904.58
13565781.0524075 100000 896.2
13565781.0524075 300000 873.52
13676975.9790666 0 913.69
13676975.9790666 1000 913.69
13676975.9790666 3000 913.36
13676975.9790666 10000 912.18
13676975.9790666 30000 909.02
13676975.9790666 100000 900.64
13676975.9790666 300000 877.96
13788170.9057256 0 918.13
13788170.9057256 1000 918.13
13788170.9057256 3000 917.8
13788170.9057256 10000 916.62
13788170.9057256 30000 913.46
13788170.9057256 100000 905.07
13788170.9057256 300000 882.4
13899365.8323847 0 922.57
13899365.8323847 1000 922.57
13899365.8323847 3000 922.24
13899365.8323847 10000 921.06
13899365.8323847 30000 917.9
13899365.8323847 100000 909.51
13899365.8323847 300000 886.84
14010560.7590438 0 927.01
14010560.7590438 1000 927.01
14010560.7590438 3000 926.67
14010560.7590438 10000 925.5
14010560.7590438 30000 922.34
14010560.7590438 100000 913.95
14010560.7590438 300000 891.28
14121755.6857029 0 931.45
14121755.6857029 1000 931.45
14121755.6857029 3000 931.11
14121755.6857029 10000 929.94
14121755.6857029 30000 926.78
14121755.6857029 100000 918.39
14121755.6857029 300000 895.71
14232950.612362 0 935.89
14232950.612362 1000 935.89
14232950.612362 3000 935.55
14232950.612362 10000 934.38
14232950.612362 30000 931.22
14232950.612362 100000 922.83
14232950.612362 300000 900.15
14344145.539021 0 940.33
14344145.539021 1000 940.33
14344145.539021 3000 939.99
14344145.539021 10000 938.82
14344145.539021 30000 935.65
14344145.539021 100000 927.27
14344145.539021 300000 904.59
14455340.4656801 0 944.77
14455340.4656801 1000 944.77
14455340.4656801 3000 944.43
14455340.4656801 10000 943.26
14455340.4656801 30000 940.09
14455340.4656801 100000 931.71
14455340.4656801 300000 909.03
14566535.3923392 0 949.2
14566535.3923392 1000 949.2
14566535.3923392 3000 948.87
14566535.3923392 10000 947.7
14566535.3923392 30000 944.53
14566535.3923392 100000 936.15
14566535.3923392 300000 913.47
14677730.3189983 0 953.64
14677730.3189983 1000 953.64
14677730.3189983 3000 953.31
14677730.3189983 10000 952.13
14677730.3189983 30000 948.97
14677730.3189983 100000 940.59
14677730.3189983 300000 917.91
14788925.2456573 0 958.08
14788925.2456573 1000 958.08
14788925.2456573 3000 957.75
14788925.2456573 10000 956.57
14788925.2456573 30000 953.41
14788925.2456573 100000 945.02
14788925.2456573 300000 922.35
14900120.1723164 0 962.52
14900120.1723164 1000 962.52
14900120.1723164 3000 962.19
14900120.1723164 10000 961.01
14900120.1723164 30000 957.85
14900120.1723164 100000 949.46
14900120.1723164 300000 926.79
15011315.0989755 0 966.96
15011315.0989755 1000 966.96
15011315.0989755 3000 966.62
15011315.0989755 10000 965.45
15011315.0989755 30000 962.29
15011315.0989755 100000 953.9
15011315.0989755 300000 931.23
15122510.0256346 0 971.4
15122510.0256346 1000 971.4
15122510.0256346 3000 971.06
15122510.0256346 10000 969.89
15122510.0256346 30000 966.73
15122510.0256346 100000 958.34
15122510.0256346 300000 935.66
15233704.9522937 0 975.84
15233704.9522937 1000 975.84
15233704.9522937 3000 975.5
15233704.9522937 10000 974.33
15233704.9522937 30000 971.17
15233704.9522937 100000 962.78
15233704.9522937 300000 940.1
15344899.8789527 0 980.28
15344899.8789527 1000 980.28
15344899.8789527 3000 979.94
15344899.8789527 10000 978.77
15344899.8789527 30000 975.61
15344899.8789527 100000 967.22
15344899.8789527 300000 944.54
15456094.8056118 0 984.72
15456094.8056118 1000 984.72
15456094.8056118 3000 984.38
15456094.8056118 10000 983.21
15456094.8056118 30000 980.04
15456094.8056118 100000 971.66
15456094.8056118 300000 948.98
15567289.7322709 0 989.15
15567289.7322709 1000 989.15
15567289.7322709 3000 988.82
15567289.7322709 10000 987.65
15567289.7322709 30000 984.48
15567289.7322709 100000 976.1
15567289.7322709 300000 953.42
15678484.65893 0 993.59
15678484.65893 1000 993.59
15678484.65893 3000 993.26
15678484.65893 10000 992.08
15678484.65893 30000 988.92
15678484.65893 100000 980.54
15678484.65893 300000 957.86
15789679.585589 0 998.03
15789679.585589 1000 998.03
15789679.585589 3000 997.7
15789679.585589 10000 996.52
15789679.585589 30000 993.36
15789679.585589 100000 984.97
15789679.585589 300000 962.3
15900874.5122481 0 1002.47
15900874.5122481 1000 1002.47
15900874.5122481 3000 1002.14
15900874.5122481 10000 1000.96
15900874.5122481 30000 997.8
15900874.5122481 100000 989.41
15900874.5122481 300000 966.74
16012069.4389072 0 1006.91
16012069.4389072 1000 1006.91
16012069.4389072 3000 1006.58
16012069.4389072 10000 1005.4
16012069.4389072 30000 1002.24
16012069.4389072 100000 993.85
16012069.4389072 300000 971.18
16123264.3655663 0 1162.45
16123264.3655663 1000 1162.45
16123264.3655663 3000 1162.11
16123264.3655663 10000 1160.92
16123264.3655663 30000 1157.71
16123264.3655663 100000 1149.11
16123264.3655663 300000 1125.71
16234459.2922254 0 1165.09
16234459.2922254 1000 1165.09
16234459.2922254 3000 1164.75
16234459.2922254 10000 1163.54
16234459.2922254 30000 1160.3
16234459.2922254 100000 1151.51
16234459.2922254 300000 1127.58
16345654.2188844 0 1166.76
16345654.2188844 1000 1166.76
16345654.2188844 3000 1166.41
16345654.2188844 10000 1165.21
16345654.2188844 30000 1161.96
16345654.2188844 100000 1153.18
16345654.2188844 300000 1129.24
16456849.1455435 0 1168.4
16456849.1455435 1000 1168.4
16456849.1455435 3000 1168.06
16456849.1455435 10000 1166.85
16456849.1455435 30000 1163.6
16456849.1455435 100000 1154.81
16456849.1455435 300000 1130.87
16568044.0722026 0 1170.01
16568044.0722026 1000 1170.01
16568044.0722026 3000 1169.67
16568044.0722026 10000 1168.47
16568044.0722026 30000 1165.22
16568044.0722026 100000 1156.42
16568044.0722026 300000 1132.48
16679238.9988617 0 1171.59
16679238.9988617 1000 1171.59
16679238.9988617 3000 1171.25
16679238.9988617 10000 1170.05
16679238.9988617 30000 1166.8
16679238.9988617 100000 1158
16679238.9988617 300000 1134.05
16790433.9255207 0 1173.14
16790433.9255207 1000 1173.14
16790433.9255207 3000 1172.8
16790433.9255207 10000 1171.59
16790433.9255207 30000 1168.34
16790433.9255207 100000 1159.55
16790433.9255207 300000 1135.58
16901628.8521798 0 1174.65
16901628.8521798 1000 1174.65
16901628.8521798 3000 1174.31
16901628.8521798 10000 1173.11
16901628.8521798 30000 1169.86
16901628.8521798 100000 1161.06
16901628.8521798 300000 1137.09
17012823.7788389 0 1176.13
17012823.7788389 1000 1176.13
17012823.7788389 3000 1175.79
17012823.7788389 10000 1174.58
17012823.7788389 30000 1171.33
17012823.7788389 100000 1162.53
17012823.7788389 300000 1138.55
17124018.705498 0 1177.57
17124018.705498 1000 1177.57
17124018.705498 3000 1177.22
17124018.705498 10000 1176.02
17124018.705498 30000 1172.77
17124018.705498 100000 1163.96
17124018.705498 300000 1139.98
17235213.6321571 0 1178.96
17235213.6321571 1000 1178.96
17235213.6321571 3000 1178.62
17235213.6321571 10000 1177.41
17235213.6321571 30000 1174.16
17235213.6321571 100000 1165.35
17235213.6321571 300000 1141.36
17346408.5588161 0 1180.31
17346408.5588161 1000 1180.31
17346408.5588161 3000 1179.97
17346408.5588161 10000 1178.77
17346408.5588161 30000 1175.51
17346408.5588161 100000 1166.7
17346408.5588161 300000 1142.7
17457603.4854752 0 1181.62
17457603.4854752 1000 1181.62
17457603.4854752 3000 1181.28
17457603.4854752 10000 1180.07
17457603.4854752 30000 1176.82
17457603.4854752 100000 1168.01
17457603.4854752 300000 1143.99
17568798.4121343 0 1182.88
17568798.4121343 1000 1182.88
17568798.4121343 3000 1182.54
17568798.4121343 10000 1181.33
17568798.4121343 30000 1178.08
17568798.4121343 100000 1169.27
17568798.4121343 300000 1145.24
17679993.3387934 0 1184.1
17679993.3387934 1000 1184.1
17679993.3387934 3000 1183.75
17679993.3387934 10000 1182.55
17679993.3387934 30000 1179.29
17679993.3387934 100000 1170.48
17679993.3387934 300000 1146.45
17791188.2654524 0 1185.26
17791188.2654524 1000 1185.26
17791188.2654524 3000 1184.92
17791188.2654524 10000 1183.71
17791188.2654524 30000 1180.46
17791188.2654524 100000 1171.64
17791188.2654524 300000 1147.6
17902383.1921115 0 1186.38
17902383.1921115 1000 1186.38
17902383.1921115 3000 1186.03
17902383.1921115 10000 1184.83
17902383.1921115 30000 1181.57
17902383.1921115 100000 1172.75
17902383.1921115 300000 1148.7
18013578.1187706 0 1187.44
18013578.1187706 1000 1187.44
18013578.1187706 3000 1187.09
18013578.1187706 10000 1185.89
18013578.1187706 30000 1182.63
18013578.1187706 100000 1173.81
18013578.1187706 300000 1149.75
18124773.0454297 0 1188.45
18124773.0454297 1000 1188.45
18124773.0454297 3000 1188.1
18124773.0454297 10000 1186.9
18124773.0454297 30000 1183.64
18124773.0454297 100000 1174.81
18124773.0454297 300000 1150.75
18235967.9720888 0 1189.4
18235967.9720888 1000 1189.4
18235967.9720888 3000 1189.06
18235967.9720888 10000 1187.85
18235967.9720888 30000 1184.6
18235967.9720888 100000 1175.76
18235967.9720888 300000 1151.7
18347162.8987478 0 1190.31
18347162.8987478 1000 1190.31
18347162.8987478 3000 1189.96
18347162.8987478 10000 1188.75
18347162.8987478 30000 1185.5
18347162.8987478 100000 1176.66
18347162.8987478 300000 1152.59
18458357.8254069 0 1191.15
18458357.8254069 1000 1191.15
18458357.8254069 3000 1190.81
18458357.8254069 10000 1189.6
18458357.8254069 30000 1186.34
18458357.8254069 100000 1177.51
18458357.8254069 300000 1153.42
18569552.752066 0 1191.94
18569552.752066 1000 1191.94
18569552.752066 3000 1191.6
18569552.752066 10000 1190.39
18569552.752066 30000 1187.13
18569552.752066 100000 1178.3
18569552.752066 300000 1154.21
18680747.6787251 0 1192.68
18680747.6787251 1000 1192.68
18680747.6787251 3000 1192.33
18680747.6787251 10000 1191.13
18680747.6787251 30000 1187.87
18680747.6787251 100000 1179.03
18680747.6787251 300000 1154.93
18791942.6053841 0 1193.35
18791942.6053841 1000 1193.35
18791942.6053841 3000 1193.01
18791942.6053841 10000 1191.8
18791942.6053841 30000 1188.54
18791942.6053841 100000 1179.7
18791942.6053841 300000 1155.6
18903137.5320432 0 1193.97
18903137.5320432 1000 1193.97
18903137.5320432 3000 1193.63
18903137.5320432 10000 1192.42
18903137.5320432 30000 1189.16
18903137.5320432 100000 1180.32
18903137.5320432 300000 1156.21
19014332.4587023 0 1194.54
19014332.4587023 1000 1194.54
19014332.4587023 3000 1194.19
19014332.4587023 10000 1192.98
19014332.4587023 30000 1189.72
19014332.4587023 100000 1180.88
19014332.4587023 300000 1156.77
19125527.3853614 0 1195.04
19125527.3853614 1000 1195.04
19125527.3853614 3000 1194.69
19125527.3853614 10000 1193.49
19125527.3853614 30000 1190.23
19125527.3853614 100000 1181.38
19125527.3853614 300000 1157.27
19236722.3120205 0 1195.48
19236722.3120205 1000 1195.48
19236722.3120205 3000 1195.14
19236722.3120205 10000 1193.93
19236722.3120205 30000 1190.67
19236722.3120205 100000 1181.83
19236722.3120205 300000 1157.71
19347917.2386795 0 1195.87
19347917.2386795 1000 1195.87
19347917.2386795 3000 1195.53
19347917.2386795 10000 1194.32
19347917.2386795 30000 1191.06
19347917.2386795 100000 1182.21
19347917.2386795 300000 1158.09
19459112.1653386 0 1196.2
19459112.1653386 1000 1196.2
19459112.1653386 3000 1195.85
19459112.1653386 10000 1194.65
19459112.1653386 30000 1191.38
19459112.1653386 100000 1182.54
19459112.1653386 300000 1158.41
19570307.0919977 0 1196.47
19570307.0919977 1000 1196.47
19570307.0919977 3000 1196.12
19570307.0919977 10000 1194.91
19570307.0919977 30000 1191.65
19570307.0919977 100000 1182.8
19570307.0919977 300000 1158.68
19681502.0186568 0 1196.67
19681502.0186568 1000 1196.67
19681502.0186568 3000 1196.33
19681502.0186568 10000 1195.12
19681502.0186568 30000 1191.86
19681502.0186568 100000 1183.01
19681502.0186568 300000 1158.88
19792696.9453158 0 1196.82
19792696.9453158 1000 1196.82
19792696.9453158 3000 1196.48
19792696.9453158 10000 1195.27
19792696.9453158 30000 1192.01
19792696.9453158 100000 1183.16
19792696.9453158 300000 1159.03
19903891.8719749 0 1196.91
19903891.8719749 1000 1196.91
19903891.8719749 3000 1196.57
19903891.8719749 10000 1195.36
19903891.8719749 30000 1192.1
19903891.8719749 100000 1183.25
19903891.8719749 300000 1159.12
