1111949.26659078 300000 141.64
1223144.19324986 300000 152.75
1334339.11990893 300000 163.85
1445534.04656801 300000 174.93
1556728.97322709 30000 203.82
1556728.97322709 100000 198.53
1556728.97322709 300000 185.98
1667923.89988617 1000 218.77
1667923.89988617 3000 218.49
1667923.89988617 10000 217.50
1667923.89988617 30000 214.93
1667923.89988617 100000 209.63
1667923.89988617 300000 196.99
1779118.82654524 1000 229.87
1779118.82654524 3000 229.59
1779118.82654524 10000 228.61
1779118.82654524 30000 226.04
1779118.82654524 100000 220.72
1779118.82654524 300000 207.93
1779118.82654524 300000 214.74
1890313.75320432 1000 240.96
1890313.75320432 3000 240.68
1890313.75320432 10000 239.69
1890313.75320432 30000 237.12
1890313.75320432 100000 231.77
1890313.75320432 100000 240.93
1890313.75320432 300000 218.79
1890313.75320432 300000 223.97
2001508.6798634 1000 252.01
2001508.6798634 1000 260.93
2001508.6798634 3000 251.73
2001508.6798634 3000 260.63
2001508.6798634 10000 250.74
2001508.6798634 10000 259.57
2001508.6798634 30000 248.16
2001508.6798634 30000 256.77
2001508.6798634 100000 242.77
2001508.6798634 100000 250.16
2001508.6798634 300000 229.57
2001508.6798634 300000 233.20
2112703.60652248 1000 263.02
2112703.60652248 1000 270.17
2112703.60652248 3000 262.74
2112703.60652248 3000 269.87
2112703.60652248 10000 261.75
2112703.60652248 10000 268.81
2112703.60652248 30000 259.16
2112703.60652248 30000 266.01
2112703.60652248 100000 253.71
2112703.60652248 100000 259.40
2112703.60652248 300000 240.25
2112703.60652248 300000 242.41
2223898.53318156 1000 273.96
2223898.53318156 1000 279.40
2223898.53318156 3000 273.67
2223898.53318156 3000 279.10
2223898.53318156 10000 272.68
2223898.53318156 10000 278.04
2223898.53318156 30000 270.08
2223898.53318156 30000 275.24
2223898.53318156 100000 264.56
2223898.53318156 100000 268.62
2223898.53318156 300000 250.81
2223898.53318156 300000 251.60
2335093.45984063 1000 284.81
2335093.45984063 1000 288.62
2335093.45984063 3000 284.53
2335093.45984063 3000 288.32
2335093.45984063 10000 283.53
2335093.45984063 10000 287.26
2335093.45984063 30000 280.92
2335093.45984063 30000 284.45
2335093.45984063 100000 275.32
2335093.45984063 100000 277.83
2335093.45984063 300000 260.76
2335093.45984063 300000 261.25
2446288.38649971 1000 295.56
2446288.38649971 1000 297.82
2446288.38649971 3000 295.28
2446288.38649971 3000 297.52
2446288.38649971 10000 294.28
2446288.38649971 10000 296.46
2446288.38649971 30000 291.65
2446288.38649971 30000 293.65
2446288.38649971 100000 285.96
2446288.38649971 100000 287.02
2446288.38649971 300000 269.90
2446288.38649971 300000 271.55
2557483.31315879 1000 306.20
2557483.31315879 1000 307.00
2557483.31315879 3000 305.91
2557483.31315879 3000 306.70
2557483.31315879 10000 304.90
2557483.31315879 10000 305.64
2557483.31315879 30000 302.26
2557483.31315879 30000 302.83
2557483.31315879 100000 296.18
2557483.31315879 100000 296.47
2557483.31315879 300000 279.00
2557483.31315879 300000 281.72
2668678.23981787 1000 316.16
2668678.23981787 1000 316.70
2668678.23981787 3000 315.86
2668678.23981787 3000 316.41
2668678.23981787 10000 314.79
2668678.23981787 10000 315.40
2668678.23981787 30000 311.98
2668678.23981787 30000 312.74
2668678.23981787 100000 305.31
2668678.23981787 100000 306.84
2668678.23981787 300000 288.05
2668678.23981787 300000 291.75
2779873.16647694 1000 325.28
2779873.16647694 1000 327.06
2779873.16647694 3000 324.97
2779873.16647694 3000 326.77
2779873.16647694 10000 323.91
2779873.16647694 10000 325.75
2779873.16647694 30000 321.09
2779873.16647694 30000 323.07
2779873.16647694 100000 314.40
2779873.16647694 100000 317.07
2779873.16647694 300000 297.05
2779873.16647694 300000 301.63
2891068.09313602 1000 334.35
2891068.09313602 1000 337.26
2891068.09313602 3000 334.05
2891068.09313602 3000 336.97
2891068.09313602 10000 332.99
2891068.09313602 10000 335.94
2891068.09313602 30000 330.16
2891068.09313602 30000 333.24
2891068.09313602 100000 323.45
2891068.09313602 100000 327.14
2891068.09313602 300000 305.99
3002263.0197951 1000 343.38
3002263.0197951 1000 347.31
3002263.0197951 3000 343.08
3002263.0197951 3000 347.02
3002263.0197951 10000 342.01
3002263.0197951 10000 345.98
3002263.0197951 30000 339.19
3002263.0197951 30000 343.26
3002263.0197951 100000 332.43
3002263.0197951 100000 337.05
3002263.0197951 300000 314.88
3113457.94645418 1000 352.35
3113457.94645418 1000 357.19
3113457.94645418 3000 352.04
3113457.94645418 3000 356.89
3113457.94645418 10000 350.98
3113457.94645418 10000 355.85
3113457.94645418 30000 348.14
3113457.94645418 100000 341.36
3113457.94645418 300000 323.73
3224652.87311326 1000 361.26
3224652.87311326 3000 360.95
3224652.87311326 10000 359.88
3224652.87311326 30000 357.04
3224652.87311326 100000 350.23
3224652.87311326 300000 332.54
3335847.79977233 1000 370.12
3335847.79977233 3000 369.82
3335847.79977233 10000 368.75
3335847.79977233 30000 365.90
3335847.79977233 100000 359.07
3335847.79977233 300000 341.31
3447042.72643141 1000 378.95
3447042.72643141 3000 378.64
3447042.72643141 10000 377.57
3447042.72643141 30000 374.72
3447042.72643141 100000 367.88
3447042.72643141 300000 350.04
3558237.65309049 1000 387.74
3558237.65309049 3000 387.43
3558237.65309049 10000 386.36
3558237.65309049 30000 383.51
3558237.65309049 100000 376.64
3558237.65309049 300000 358.72
3669432.57974957 1000 396.49
3669432.57974957 3000 396.18
3669432.57974957 10000 395.10
3669432.57974957 30000 392.25
3669432.57974957 100000 385.35
3669432.57974957 300000 367.35
3780627.50640864 1000 405.18
3780627.50640864 3000 404.87
3780627.50640864 10000 403.80
3780627.50640864 30000 400.94
3780627.50640864 100000 394.01
3780627.50640864 300000 375.92
3891822.43306772 1000 413.83
3891822.43306772 3000 413.52
3891822.43306772 10000 412.44
3891822.43306772 30000 409.57
3891822.43306772 100000 402.62
3891822.43306772 300000 384.43
4003017.3597268 1000 422.41
4003017.3597268 3000 422.10
4003017.3597268 10000 421.02
4003017.3597268 30000 418.15
4003017.3597268 100000 411.17
4003017.3597268 300000 392.89
4114212.28638588 1000 430.94
4114212.28638588 3000 430.63
4114212.28638588 10000 429.55
4114212.28638588 30000 426.67
4114212.28638588 100000 419.66
4114212.28638588 300000 401.28
4225407.21304496 1000 439.41
4225407.21304496 3000 439.10
4225407.21304496 10000 438.01
4225407.21304496 30000 435.13
4225407.21304496 100000 428.09
4225407.21304496 300000 409.60
4336602.13970403 1000 447.81
4336602.13970403 3000 447.50
4336602.13970403 10000 446.41
4336602.13970403 30000 443.52
4336602.13970403 100000 436.45
4336602.13970403 300000 417.86
4447797.06636311 1000 456.15
4447797.06636311 3000 455.84
4447797.06636311 10000 454.75
4447797.06636311 30000 451.85
4447797.06636311 100000 444.75
4447797.06636311 300000 426.06
4558991.99302219 1000 464.42
4558991.99302219 3000 464.11
4558991.99302219 10000 463.02
4558991.99302219 30000 460.11
4558991.99302219 100000 452.98
4558991.99302219 300000 434.19
4670186.91968127 1000 472.62
4670186.91968127 3000 472.31
4670186.91968127 10000 471.22
4670186.91968127 30000 468.31
4670186.91968127 100000 461.14
4670186.91968127 300000 442.25
4781381.84634034 1000 480.76
4781381.84634034 3000 480.44
4781381.84634034 10000 479.35
4781381.84634034 30000 476.43
4781381.84634034 100000 469.23
4781381.84634034 300000 450.24
4892576.77299942 1000 488.82
4892576.77299942 3000 488.51
4892576.77299942 10000 487.41
4892576.77299942 30000 484.49
4892576.77299942 100000 477.26
4892576.77299942 300000 458.17
5003771.6996585 1000 496.82
5003771.6996585 3000 496.50
5003771.6996585 10000 495.41
5003771.6996585 30000 492.48
5003771.6996585 100000 485.22
5003771.6996585 300000 466.02
5114966.62631758 1000 504.74
5114966.62631758 3000 504.43
5114966.62631758 10000 503.33
5114966.62631758 30000 500.39
5114966.62631758 100000 493.10
5114966.62631758 300000 473.81
5226161.55297666 1000 512.60
5226161.55297666 3000 512.28
5226161.55297666 10000 511.18
5226161.55297666 30000 508.24
5226161.55297666 100000 500.91
5226161.55297666 300000 481.53
5337356.47963573 1000 520.38
5337356.47963573 3000 520.06
5337356.47963573 10000 518.96
5337356.47963573 30000 516.01
5337356.47963573 100000 508.66
5337356.47963573 300000 489.17
5448551.40629481 1000 528.09
5448551.40629481 3000 527.77
5448551.40629481 10000 526.67
5448551.40629481 30000 523.71
5448551.40629481 100000 516.33
5448551.40629481 300000 496.75
5559746.33295389 1000 535.73
5559746.33295389 3000 535.41
5559746.33295389 10000 534.30
5559746.33295389 30000 531.34
5559746.33295389 100000 523.93
5559746.33295389 300000 504.25
5670941.25961297 1000 543.29
5670941.25961297 3000 542.98
5670941.25961297 10000 541.87
5670941.25961297 30000 538.90
5670941.25961297 100000 531.46
5670941.25961297 300000 511.69
5782136.18627204 1000 550.79
5782136.18627204 3000 550.47
5782136.18627204 10000 549.36
5782136.18627204 30000 546.39
5782136.18627204 100000 538.91
5782136.18627204 300000 519.05
5893331.11293112 1000 558.21
5893331.11293112 3000 557.89
5893331.11293112 10000 556.78
5893331.11293112 30000 553.80
5893331.11293112 100000 546.30
5893331.11293112 300000 526.35
6004526.0395902 1000 565.56
6004526.0395902 3000 565.24
6004526.0395902 10000 564.12
6004526.0395902 30000 561.14
6004526.0395902 100000 553.61
6004526.0395902 300000 533.57
6115720.96624928 1000 572.84
6115720.96624928 3000 572.52
6115720.96624928 10000 571.40
6115720.96624928 30000 568.41
6115720.96624928 100000 560.85
6115720.96624928 300000 540.72
6226915.89290836 1000 580.04
6226915.89290836 3000 579.72
6226915.89290836 10000 578.60
6226915.89290836 30000 575.61
6226915.89290836 100000 568.02
6226915.89290836 300000 547.80
6338110.81956743 1000 587.17
6338110.81956743 3000 586.85
6338110.81956743 10000 585.73
6338110.81956743 30000 582.73
6338110.81956743 100000 575.11
6338110.81956743 300000 554.81
6449305.74622651 1000 594.23
6449305.74622651 3000 593.91
6449305.74622651 10000 592.79
6449305.74622651 30000 589.78
6449305.74622651 100000 582.14
6449305.74622651 300000 561.75
6560500.67288559 1000 601.22
6560500.67288559 3000 600.89
6560500.67288559 10000 599.77
6560500.67288559 30000 596.76
6560500.67288559 100000 589.09
6560500.67288559 300000 568.62
6671695.59954467 1000 608.13
6671695.59954467 3000 607.81
6671695.59954467 10000 606.68
6671695.59954467 30000 603.67
6671695.59954467 100000 595.97
6671695.59954467 300000 575.42
6782890.52620374 1000 614.97
6782890.52620374 3000 614.65
6782890.52620374 10000 613.52
6782890.52620374 30000 610.50
6782890.52620374 100000 602.78
6782890.52620374 300000 582.14
6894085.45286282 1000 621.74
6894085.45286282 3000 621.42
6894085.45286282 10000 620.29
6894085.45286282 30000 617.26
6894085.45286282 100000 609.51
6894085.45286282 300000 588.80
7005280.3795219 1000 628.44
7005280.3795219 3000 628.11
7005280.3795219 10000 626.98
7005280.3795219 30000 623.95
7005280.3795219 100000 616.18
7005280.3795219 300000 595.38
7116475.30618098 1000 635.06
7116475.30618098 3000 634.74
7116475.30618098 10000 633.60
7116475.30618098 30000 630.57
7116475.30618098 100000 622.77
7116475.30618098 300000 601.90
7227670.23284006 1000 641.61
7227670.23284006 3000 641.29
7227670.23284006 10000 640.15
7227670.23284006 30000 637.11
7227670.23284006 100000 629.29
7227670.23284006 300000 608.34
7338865.15949913 1000 648.09
7338865.15949913 3000 647.76
7338865.15949913 10000 646.63
7338865.15949913 30000 643.58
7338865.15949913 100000 635.73
7338865.15949913 300000 614.71
7450060.08615821 1000 654.49
7450060.08615821 3000 654.17
7450060.08615821 10000 653.03
7450060.08615821 30000 649.98
7450060.08615821 100000 642.11
7450060.08615821 300000 621.01
7561255.01281729 1000 660.83
7561255.01281729 3000 660.50
7561255.01281729 10000 659.36
7561255.01281729 30000 656.30
7561255.01281729 100000 648.41
7561255.01281729 300000 627.24
7672449.93947637 1000 667.09
7672449.93947637 3000 666.76
7672449.93947637 10000 665.62
7672449.93947637 30000 662.55
7672449.93947637 100000 654.64
7672449.93947637 300000 633.39
7783644.86613545 1000 673.27
7783644.86613545 3000 672.94
7783644.86613545 10000 671.80
7783644.86613545 30000 668.73
7783644.86613545 100000 660.79
7783644.86613545 300000 639.48
7894839.79279452 1000 679.38
7894839.79279452 3000 679.06
7894839.79279452 10000 677.91
7894839.79279452 30000 674.84
7894839.79279452 100000 666.88
7894839.79279452 300000 645.49
8006034.7194536 1000 685.42
8006034.7194536 3000 685.10
8006034.7194536 10000 683.95
8006034.7194536 30000 680.87
8006034.7194536 100000 672.89
8006034.7194536 300000 651.43
8117229.64611268 1000 691.39
8117229.64611268 3000 691.06
8117229.64611268 10000 689.91
8117229.64611268 30000 686.83
8117229.64611268 100000 678.82
8117229.64611268 300000 657.30
8228424.57277176 1000 697.28
8228424.57277176 3000 696.95
8228424.57277176 10000 695.80
8228424.57277176 30000 692.72
8228424.57277176 100000 684.69
8228424.57277176 300000 663.09
8339619.49943083 1000 703.10
8339619.49943083 3000 702.77
8339619.49943083 10000 701.62
8339619.49943083 30000 698.53
8339619.49943083 100000 690.48
8339619.49943083 300000 668.81
8450814.42608991 1000 708.84
8450814.42608991 3000 708.51
8450814.42608991 10000 707.36
8450814.42608991 30000 704.27
8450814.42608991 100000 696.19
8450814.42608991 300000 674.46
8562009.35274899 1000 714.51
8562009.35274899 3000 714.18
8562009.35274899 10000 713.03
8562009.35274899 30000 709.93
8562009.35274899 100000 701.83
8562009.35274899 300000 680.04
8673204.27940807 1000 720.10
8673204.27940807 3000 719.77
8673204.27940807 10000 718.62
8673204.27940807 30000 715.51
8673204.27940807 100000 707.40
8673204.27940807 300000 685.54
8784399.20606714 1000 725.62
8784399.20606714 3000 725.29
8784399.20606714 10000 724.13
8784399.20606714 30000 721.03
8784399.20606714 100000 712.89
8784399.20606714 300000 690.96
8895594.13272622 1000 731.06
8895594.13272622 3000 730.73
8895594.13272622 10000 729.57
8895594.13272622 30000 726.46
8895594.13272622 100000 718.30
8895594.13272622 300000 696.31
9006789.0593853 1000 736.43
9006789.0593853 3000 736.10
9006789.0593853 10000 734.94
9006789.0593853 30000 731.82
9006789.0593853 100000 723.64
9006789.0593853 300000 701.59
9117983.98604438 1000 741.72
9117983.98604438 3000 741.39
9117983.98604438 10000 740.23
9117983.98604438 30000 737.10
9117983.98604438 100000 728.91
9117983.98604438 300000 706.79
9229178.91270346 1000 746.93
9229178.91270346 3000 746.60
9229178.91270346 10000 745.44
9229178.91270346 30000 742.31
9229178.91270346 100000 734.09
9229178.91270346 300000 711.91
9340373.83936253 1000 752.06
9340373.83936253 3000 751.73
9340373.83936253 10000 750.57
9340373.83936253 30000 747.44
9340373.83936253 100000 739.20
9340373.83936253 300000 716.96
9451568.76602161 1000 757.11
9451568.76602161 3000 756.78
9451568.76602161 10000 755.62
9451568.76602161 30000 752.48
9451568.76602161 100000 744.23
9451568.76602161 300000 721.93
9562763.69268069 1000 762.09
9562763.69268069 3000 761.76
9562763.69268069 10000 760.59
9562763.69268069 30000 757.45
9562763.69268069 100000 749.18
9562763.69268069 300000 726.82
9673958.61933977 1000 766.99
9673958.61933977 3000 766.66
9673958.61933977 10000 765.49
9673958.61933977 30000 762.35
9673958.61933977 100000 754.06
9673958.61933977 300000 731.61
9785153.54599884 1000 771.79
9785153.54599884 3000 771.45
9785153.54599884 10000 770.28
9785153.54599884 30000 767.14
9785153.54599884 100000 758.82
9785153.54599884 300000 736.33
9896348.47265792 1000 776.50
9896348.47265792 3000 776.17
9896348.47265792 10000 775.00
9896348.47265792 30000 771.85
9896348.47265792 100000 763.52
9896348.47265792 300000 741.00
10007543.399317 1000 781.18
10007543.399317 3000 780.85
10007543.399317 10000 779.68
10007543.399317 30000 776.52
10007543.399317 100000 768.19
10007543.399317 300000 745.65
10118738.3259761 1000 785.83
10118738.3259761 3000 785.49
10118738.3259761 10000 784.32
10118738.3259761 30000 781.17
10118738.3259761 100000 772.83
10118738.3259761 300000 750.28
10229933.2526352 1000 790.45
10229933.2526352 3000 790.12
10229933.2526352 10000 788.95
10229933.2526352 30000 785.79
10229933.2526352 100000 777.45
10229933.2526352 300000 754.88
10341128.1792942 1000 795.06
10341128.1792942 3000 794.72
10341128.1792942 10000 793.55
10341128.1792942 30000 790.40
10341128.1792942 100000 782.05
10341128.1792942 300000 759.47
10452323.1059533 1000 799.65
10452323.1059533 3000 799.31
10452323.1059533 10000 798.14
10452323.1059533 30000 794.98
10452323.1059533 100000 786.63
10452323.1059533 300000 764.03
10563518.0326124 1000 804.21
10563518.0326124 3000 803.87
10563518.0326124 10000 802.70
10563518.0326124 30000 799.54
10563518.0326124 100000 791.18
10563518.0326124 300000 768.57
10674712.9592715 1000 808.74
10674712.9592715 3000 808.41
10674712.9592715 10000 807.24
10674712.9592715 30000 804.08
10674712.9592715 100000 795.71
10674712.9592715 300000 773.07
10785907.8859305 1000 813.25
10785907.8859305 3000 812.91
10785907.8859305 10000 811.74
10785907.8859305 30000 808.58
10785907.8859305 100000 800.20
10785907.8859305 300000 777.54
10897102.8125896 1000 817.72
10897102.8125896 3000 817.38
10897102.8125896 10000 816.21
10897102.8125896 30000 813.05
10897102.8125896 100000 804.66
