111194.926659078 1000 21.15
111194.926659078 3000 20.91
111194.926659078 10000 20.07
111194.926659078 30000 17.97
111194.926659078 100000 20.39
111194.926659078 300000 40.34
222389.853318156 1000 34.91
222389.853318156 3000 34.67
222389.853318156 10000 33.83
222389.853318156 30000 31.72
222389.853318156 100000 32.54
222389.853318156 300000 46.73
333584.779977233 1000 48.66
333584.779977233 3000 48.42
333584.779977233 10000 47.58
333584.779977233 30000 45.47
333584.779977233 100000 45.71
333584.779977233 300000 55.71
444779.706636311 1000 62.41
444779.706636311 3000 62.17
444779.706636311 10000 61.33
444779.706636311 30000 59.22
444779.706636311 100000 59.14
444779.706636311 300000 66.17
555974.633295389 1000 76.15
555974.633295389 3000 75.91
555974.633295389 10000 75.07
555974.633295389 30000 72.96
555974.633295389 100000 72.67
555974.633295389 300000 77.48
667169.559954467 1000 89.89
667169.559954467 3000 89.65
667169.559954467 10000 88.81
667169.559954467 30000 86.70
667169.559954467 100000 86.24
667169.559954467 300000 89.26
778364.486613545 1000 103.63
778364.486613545 3000 103.39
778364.486613545 10000 102.54
778364.486613545 30000 100.43
778364.486613545 100000 99.83
778364.486613545 300000 101.32
889559.413272622 1000 117.35
889559.413272622 3000 117.11
889559.413272622 10000 116.27
889559.413272622 30000 114.16
889559.413272622 100000 113.42
889559.413272622 300000 113.52
1000754.3399317 1000 131.07
1000754.3399317 3000 130.83
1000754.3399317 10000 129.99
1000754.3399317 30000 127.87
1000754.3399317 100000 127.02
1000754.3399317 100000 127.12
1000754.3399317 300000 125.79
1111949.26659078 1000 144.78
1111949.26659078 3000 144.53
1111949.26659078 10000 143.69
1111949.26659078 30000 141.57
1111949.26659078 100000 140.62
1111949.26659078 300000 138.07
1223144.19324986 1000 158.47
1223144.19324986 3000 158.23
1223144.19324986 10000 157.38
1223144.19324986 30000 155.26
1223144.19324986 100000 154.21
1223144.19324986 100000 154.26
1223144.19324986 100000 154.28
1223144.19324986 300000 150.30
1334339.11990893 1000 172.15
1334339.11990893 3000 171.91
1334339.11990893 10000 171.06
1334339.11990893 30000 168.94
1334339.11990893 100000 167.61
1334339.11990893 100000 167.79
1334339.11990893 100000 167.82
1334339.11990893 300000 162.47
1445534.04656801 1000 185.82
1445534.04656801 3000 185.58
1445534.04656801 10000 184.73
1445534.04656801 30000 182.60
1445534.04656801 100000 180.82
1445534.04656801 300000 174.55
1556728.97322709 1000 199.47
1556728.97322709 3000 199.23
1556728.97322709 10000 198.38
1556728.97322709 30000 196.25
1556728.97322709 30000 196.54
1556728.97322709 100000 193.84
1556728.97322709 300000 186.51
1667923.89988617 1000 213.11
1667923.89988617 1000 213.18
1667923.89988617 1000 213.29
1667923.89988617 3000 212.86
1667923.89988617 3000 212.93
1667923.89988617 3000 213.05
1667923.89988617 10000 212.02
1667923.89988617 10000 212.05
1667923.89988617 10000 212.19
1667923.89988617 30000 209.83
1667923.89988617 30000 209.88
1667923.89988617 30000 210.03
1667923.89988617 100000 206.63
1667923.89988617 300000 198.34
1779118.82654524 1000 226.25
1779118.82654524 1000 226.72
1779118.82654524 1000 226.81
1779118.82654524 1000 226.82
1779118.82654524 3000 226.00
1779118.82654524 3000 226.48
1779118.82654524 3000 226.57
1779118.82654524 3000 226.57
1779118.82654524 10000 225.11
1779118.82654524 10000 225.63
1779118.82654524 10000 225.71
1779118.82654524 10000 225.72
1779118.82654524 30000 222.82
1779118.82654524 30000 223.49
1779118.82654524 30000 223.55
1779118.82654524 30000 223.57
1779118.82654524 100000 219.17
1779118.82654524 300000 210.02
1890313.75320432 1000 239.00
1890313.75320432 1000 240.32
1890313.75320432 1000 240.36
1890313.75320432 3000 238.74
1890313.75320432 3000 240.08
1890313.75320432 3000 240.11
1890313.75320432 10000 237.83
1890313.75320432 10000 239.22
1890313.75320432 10000 239.23
1890313.75320432 10000 239.26
1890313.75320432 30000 235.48
1890313.75320432 30000 237.06
1890313.75320432 30000 237.09
1890313.75320432 30000 237.11
1890313.75320432 100000 231.49
2001508.6798634 1000 251.45
2001508.6798634 1000 253.91
2001508.6798634 3000 251.18
2001508.6798634 3000 253.66
2001508.6798634 10000 250.26
2001508.6798634 30000 247.87
2001508.6798634 100000 243.60
2112703.60652248 1000 263.65
2112703.60652248 3000 263.38
2112703.60652248 10000 262.45
2112703.60652248 30000 260.02
2112703.60652248 100000 255.50
2223898.53318156 1000 275.63
2223898.53318156 3000 275.36
2223898.53318156 10000 274.41
2223898.53318156 30000 271.94
2223898.53318156 100000 267.19
2335093.45984063 1000 287.36
2335093.45984063 3000 287.09
2335093.45984063 10000 286.13
2335093.45984063 30000 283.63
