2668678.23981787 300000 349.43
2779873.16647694 300000 360.55
2891068.09313602 300000 371.66
3002263.0197951 300000 382.77
3113457.94645418 30000 411.62
3113457.94645418 100000 406.33
3113457.94645418 300000 393.87
3224652.87311326 1000 426.56
3224652.87311326 3000 426.28
3224652.87311326 10000 425.30
3224652.87311326 30000 422.73
3224652.87311326 100000 417.44
3224652.87311326 300000 404.96
3335847.79977233 1000 437.68
3335847.79977233 3000 437.40
3335847.79977233 10000 436.41
3335847.79977233 30000 433.84
3335847.79977233 100000 428.55
3335847.79977233 300000 416.04
3447042.72643141 1000 448.79
3447042.72643141 3000 448.51
3447042.72643141 10000 447.52
3447042.72643141 30000 444.95
3447042.72643141 100000 439.65
3447042.72643141 300000 427.10
3558237.65309049 1000 459.89
3558237.65309049 3000 459.61
3558237.65309049 10000 458.62
3558237.65309049 30000 456.05
3558237.65309049 100000 450.74
3558237.65309049 300000 438.14
3669432.57974957 1000 470.98
3669432.57974957 3000 470.70
3669432.57974957 10000 469.72
3669432.57974957 30000 467.14
3669432.57974957 100000 461.82
3669432.57974957 300000 449.16
3669432.57974957 300000 466.58
3780627.50640864 1000 482.06
3780627.50640864 3000 481.78
3780627.50640864 10000 480.79
3780627.50640864 30000 478.22
3780627.50640864 100000 472.88
3780627.50640864 300000 460.15
3780627.50640864 300000 475.82
3891822.43306772 1000 493.12
3891822.43306772 3000 492.84
3891822.43306772 10000 491.86
3891822.43306772 30000 489.28
3891822.43306772 100000 483.92
3891822.43306772 100000 502.01
3891822.43306772 300000 471.10
3891822.43306772 300000 485.06
4003017.3597268 1000 504.17
4003017.3597268 1000 522.02
4003017.3597268 3000 503.89
4003017.3597268 3000 521.71
4003017.3597268 10000 502.90
4003017.3597268 10000 520.66
4003017.3597268 30000 500.32
4003017.3597268 30000 517.85
4003017.3597268 100000 494.94
4003017.3597268 100000 511.25
4003017.3597268 300000 482.03
4003017.3597268 300000 494.29
4114212.28638588 1000 515.19
4114212.28638588 1000 531.25
4114212.28638588 3000 514.90
4114212.28638588 3000 530.95
4114212.28638588 10000 513.92
4114212.28638588 10000 529.89
4114212.28638588 30000 511.33
4114212.28638588 30000 527.09
4114212.28638588 100000 505.93
4114212.28638588 100000 520.48
4114212.28638588 300000 492.91
4114212.28638588 300000 503.52
4225407.21304496 1000 526.18
4225407.21304496 1000 540.49
4225407.21304496 3000 525.89
4225407.21304496 3000 540.19
4225407.21304496 10000 524.91
4225407.21304496 10000 539.13
4225407.21304496 30000 522.32
4225407.21304496 30000 536.33
4225407.21304496 100000 516.89
4225407.21304496 100000 529.72
4225407.21304496 300000 503.75
4225407.21304496 300000 512.75
4336602.13970403 1000 537.14
4336602.13970403 1000 549.72
4336602.13970403 3000 536.85
4336602.13970403 3000 549.42
4336602.13970403 10000 535.86
4336602.13970403 10000 548.36
4336602.13970403 30000 533.27
4336602.13970403 30000 545.56
4336602.13970403 100000 527.81
4336602.13970403 100000 538.95
4336602.13970403 300000 514.54
4336602.13970403 300000 521.97
4447797.06636311 1000 548.06
4447797.06636311 1000 558.95
4447797.06636311 3000 547.77
4447797.06636311 3000 558.65
4447797.06636311 10000 546.78
4447797.06636311 10000 557.59
4447797.06636311 30000 544.18
4447797.06636311 30000 554.78
4447797.06636311 100000 538.69
4447797.06636311 100000 548.17
4447797.06636311 300000 525.28
4447797.06636311 300000 531.18
4558991.99302219 1000 558.93
4558991.99302219 1000 568.17
4558991.99302219 3000 558.65
4558991.99302219 3000 567.87
4558991.99302219 10000 557.66
4558991.99302219 10000 566.81
4558991.99302219 30000 555.05
4558991.99302219 30000 564.01
4558991.99302219 100000 549.52
4558991.99302219 100000 557.39
4558991.99302219 300000 535.97
4558991.99302219 300000 540.38
4670186.91968127 1000 569.77
4670186.91968127 1000 577.39
4670186.91968127 3000 569.48
4670186.91968127 3000 577.09
4670186.91968127 10000 568.48
4670186.91968127 10000 576.03
4670186.91968127 30000 565.87
4670186.91968127 30000 573.22
4670186.91968127 100000 560.30
4670186.91968127 100000 566.60
4670186.91968127 300000 546.59
4670186.91968127 300000 549.57
4781381.84634034 1000 580.55
4781381.84634034 1000 586.60
4781381.84634034 3000 580.26
4781381.84634034 3000 586.29
4781381.84634034 10000 579.26
4781381.84634034 10000 585.24
4781381.84634034 30000 576.64
4781381.84634034 30000 582.43
4781381.84634034 100000 571.03
4781381.84634034 100000 575.80
4781381.84634034 300000 557.16
4781381.84634034 300000 558.75
4892576.77299942 1000 591.27
4892576.77299942 1000 595.80
4892576.77299942 3000 590.99
4892576.77299942 3000 595.49
4892576.77299942 10000 589.98
4892576.77299942 10000 594.43
4892576.77299942 30000 587.36
4892576.77299942 30000 591.63
4892576.77299942 100000 581.70
4892576.77299942 100000 584.99
4892576.77299942 300000 567.66
4892576.77299942 300000 567.92
5003771.6996585 1000 601.94
5003771.6996585 1000 604.98
5003771.6996585 3000 601.65
5003771.6996585 3000 604.68
5003771.6996585 10000 600.65
5003771.6996585 10000 603.62
5003771.6996585 30000 598.01
5003771.6996585 30000 600.81
5003771.6996585 100000 592.30
5003771.6996585 100000 594.17
5003771.6996585 300000 577.08
5003771.6996585 300000 578.10
5114966.62631758 1000 612.54
5114966.62631758 1000 614.16
5114966.62631758 3000 612.25
5114966.62631758 3000 613.86
5114966.62631758 10000 611.25
5114966.62631758 10000 612.80
5114966.62631758 30000 608.60
5114966.62631758 30000 609.99
5114966.62631758 100000 602.84
5114966.62631758 100000 603.34
5114966.62631758 300000 586.21
5114966.62631758 300000 588.46
5226161.55297666 1000 623.08
5226161.55297666 1000 623.32
5226161.55297666 3000 622.79
5226161.55297666 3000 623.02
5226161.55297666 10000 621.78
5226161.55297666 10000 621.96
5226161.55297666 30000 619.13
5226161.55297666 30000 619.15
5226161.55297666 100000 612.49
5226161.55297666 100000 613.32
5226161.55297666 300000 595.33
5226161.55297666 300000 598.76
5337356.47963573 1000 632.47
5337356.47963573 1000 633.55
5337356.47963573 3000 632.16
5337356.47963573 3000 633.26
5337356.47963573 10000 631.10
5337356.47963573 10000 632.25
5337356.47963573 30000 628.29
5337356.47963573 30000 629.58
5337356.47963573 100000 621.62
5337356.47963573 100000 623.72
5337356.47963573 300000 604.43
5337356.47963573 300000 608.98
5448551.40629481 1000 641.60
5448551.40629481 1000 643.94
5448551.40629481 3000 641.29
5448551.40629481 3000 643.65
5448551.40629481 10000 640.23
5448551.40629481 10000 642.64
5448551.40629481 30000 637.42
5448551.40629481 30000 639.96
5448551.40629481 100000 630.74
5448551.40629481 100000 634.05
5448551.40629481 300000 613.51
5448551.40629481 300000 619.13
5559746.33295389 1000 650.71
5559746.33295389 1000 654.26
5559746.33295389 3000 650.40
5559746.33295389 3000 653.97
5559746.33295389 10000 649.34
5559746.33295389 10000 652.95
5559746.33295389 30000 646.52
5559746.33295389 30000 650.27
5559746.33295389 100000 639.83
5559746.33295389 100000 644.30
5559746.33295389 300000 622.56
5559746.33295389 300000 629.21
5670941.25961297 1000 659.79
5670941.25961297 1000 664.50
5670941.25961297 3000 659.49
5670941.25961297 3000 664.21
5670941.25961297 10000 658.43
5670941.25961297 10000 663.19
5670941.25961297 30000 655.61
5670941.25961297 30000 660.50
5670941.25961297 100000 648.91
5670941.25961297 100000 654.48
5670941.25961297 300000 631.59
5670941.25961297 300000 639.21
5782136.18627204 1000 668.86
5782136.18627204 1000 674.67
5782136.18627204 3000 668.56
5782136.18627204 3000 674.38
5782136.18627204 10000 667.49
5782136.18627204 10000 673.35
5782136.18627204 30000 664.67
5782136.18627204 30000 670.65
5782136.18627204 100000 657.96
5782136.18627204 100000 664.58
5782136.18627204 300000 640.59
5782136.18627204 300000 649.13
5893331.11293112 1000 677.91
5893331.11293112 1000 684.76
5893331.11293112 3000 677.60
5893331.11293112 3000 684.47
5893331.11293112 10000 676.54
5893331.11293112 10000 683.44
5893331.11293112 30000 673.71
5893331.11293112 30000 680.73
5893331.11293112 100000 666.98
5893331.11293112 100000 674.60
5893331.11293112 300000 649.56
5893331.11293112 300000 658.97
6004526.0395902 1000 686.92
6004526.0395902 1000 694.77
6004526.0395902 3000 686.62
6004526.0395902 3000 694.47
6004526.0395902 10000 685.55
6004526.0395902 10000 693.44
6004526.0395902 30000 682.72
6004526.0395902 30000 690.72
6004526.0395902 100000 675.98
6004526.0395902 100000 684.54
6004526.0395902 300000 658.49
6115720.96624928 1000 695.90
6115720.96624928 1000 704.69
6115720.96624928 3000 695.60
6115720.96624928 3000 704.40
6115720.96624928 10000 694.53
6115720.96624928 10000 703.36
6115720.96624928 30000 691.70
6115720.96624928 30000 700.63
6115720.96624928 100000 684.94
6115720.96624928 100000 694.39
6115720.96624928 300000 667.40
6226915.89290836 1000 704.85
6226915.89290836 1000 714.52
6226915.89290836 3000 704.55
6226915.89290836 3000 714.23
6226915.89290836 10000 703.48
6226915.89290836 10000 713.19
6226915.89290836 30000 700.64
6226915.89290836 100000 693.86
6226915.89290836 300000 676.29
6338110.81956743 1000 713.77
6338110.81956743 3000 713.47
6338110.81956743 10000 712.40
6338110.81956743 30000 709.56
6338110.81956743 100000 702.77
6338110.81956743 300000 685.15
6449305.74622651 1000 722.67
6449305.74622651 3000 722.36
6449305.74622651 10000 721.29
6449305.74622651 30000 718.45
6449305.74622651 100000 711.65
6449305.74622651 300000 694.00
6560500.67288559 1000 731.54
6560500.67288559 3000 731.24
6560500.67288559 10000 730.17
6560500.67288559 30000 727.32
6560500.67288559 100000 720.51
6560500.67288559 300000 702.83
6671695.59954467 1000 740.40
6671695.59954467 3000 740.09
6671695.59954467 10000 739.02
6671695.59954467 30000 736.18
6671695.59954467 100000 729.35
6671695.59954467 300000 711.64
6782890.52620374 1000 749.23
6782890.52620374 3000 748.93
6782890.52620374 10000 747.86
6782890.52620374 30000 745.01
6782890.52620374 100000 738.18
6782890.52620374 300000 720.44
6894085.45286282 1000 758.05
6894085.45286282 3000 757.74
6894085.45286282 10000 756.67
6894085.45286282 30000 753.83
6894085.45286282 100000 746.98
6894085.45286282 300000 729.21
7005280.3795219 1000 766.85
7005280.3795219 3000 766.54
7005280.3795219 10000 765.47
7005280.3795219 30000 762.62
7005280.3795219 100000 755.77
7005280.3795219 300000 737.96
7116475.30618098 1000 775.63
7116475.30618098 3000 775.33
7116475.30618098 10000 774.25
7116475.30618098 30000 771.40
7116475.30618098 100000 764.54
7116475.30618098 300000 746.69
7227670.23284006 1000 784.39
7227670.23284006 3000 784.08
7227670.23284006 10000 783.01
7227670.23284006 30000 780.16
7227670.23284006 100000 773.28
7227670.23284006 300000 755.39
7338865.15949913 1000 793.13
7338865.15949913 3000 792.82
7338865.15949913 10000 791.74
7338865.15949913 30000 788.89
7338865.15949913 100000 782.00
7338865.15949913 300000 764.06
7450060.08615821 1000 801.84
7450060.08615821 3000 801.53
7450060.08615821 10000 800.45
7450060.08615821 30000 797.59
7450060.08615821 100000 790.69
7450060.08615821 300000 772.71
7561255.01281729 1000 810.52
7561255.01281729 3000 810.21
7561255.01281729 10000 809.13
7561255.01281729 30000 806.27
7561255.01281729 100000 799.36
7561255.01281729 300000 781.33
7672449.93947637 1000 819.18
7672449.93947637 3000 818.87
7672449.93947637 10000 817.79
7672449.93947637 30000 814.93
7672449.93947637 100000 808.00
7672449.93947637 300000 789.92
7783644.86613545 1000 827.80
7783644.86613545 3000 827.50
7783644.86613545 10000 826.42
7783644.86613545 30000 823.55
7783644.86613545 100000 816.61
7783644.86613545 300000 798.49
7894839.79279452 1000 836.41
7894839.79279452 3000 836.10
7894839.79279452 10000 835.02
7894839.79279452 30000 832.15
7894839.79279452 100000 825.19
7894839.79279452 300000 807.02
8006034.7194536 1000 844.98
8006034.7194536 3000 844.67
8006034.7194536 10000 843.59
8006034.7194536 30000 840.72
8006034.7194536 100000 833.74
8006034.7194536 300000 815.53
8117229.64611268 1000 853.52
8117229.64611268 3000 853.21
8117229.64611268 10000 852.13
8117229.64611268 30000 849.26
8117229.64611268 100000 842.27
8117229.64611268 300000 824.00
8228424.57277176 1000 862.03
8228424.57277176 3000 861.73
8228424.57277176 10000 860.64
8228424.57277176 30000 857.77
8228424.57277176 100000 850.76
8228424.57277176 300000 832.45
8339619.49943083 1000 870.52
8339619.49943083 3000 870.21
8339619.49943083 10000 869.12
8339619.49943083 30000 866.24
8339619.49943083 100000 859.22
8339619.49943083 300000 840.86
8450814.42608991 1000 878.97
8450814.42608991 3000 878.66
8450814.42608991 10000 877.57
8450814.42608991 30000 874.69
8450814.42608991 100000 867.66
8450814.42608991 300000 849.24
8562009.35274899 1000 887.39
8562009.35274899 3000 887.08
8562009.35274899 10000 885.99
8562009.35274899 30000 883.11
8562009.35274899 100000 876.05
8562009.35274899 300000 857.59
8673204.27940807 1000 895.77
8673204.27940807 3000 895.46
8673204.27940807 10000 894.38
8673204.27940807 30000 891.49
8673204.27940807 100000 884.42
8673204.27940807 300000 865.91
8784399.20606714 1000 904.13
8784399.20606714 3000 903.82
8784399.20606714 10000 902.73
8784399.20606714 30000 899.84
8784399.20606714 100000 892.76
8784399.20606714 300000 874.19
8895594.13272622 1000 912.45
8895594.13272622 3000 912.14
8895594.13272622 10000 911.05
8895594.13272622 30000 908.15
8895594.13272622 100000 901.06
8895594.13272622 300000 882.44
9006789.0593853 1000 920.74
9006789.0593853 3000 920.43
9006789.0593853 10000 919.34
9006789.0593853 30000 916.44
9006789.0593853 100000 909.32
9006789.0593853 300000 890.65
9117983.98604438 1000 928.99
9117983.98604438 3000 928.68
9117983.98604438 10000 927.59
9117983.98604438 30000 924.69
9117983.98604438 100000 917.56
9117983.98604438 300000 898.84
9229178.91270346 1000 937.21
9229178.91270346 3000 936.90
9229178.91270346 10000 935.81
9229178.91270346 30000 932.90
9229178.91270346 100000 925.76
9229178.91270346 300000 906.98
9340373.83936253 1000 945.40
9340373.83936253 3000 945.08
9340373.83936253 10000 943.99
9340373.83936253 30000 941.08
9340373.83936253 100000 933.92
9340373.83936253 300000 915.10
9451568.76602161 1000 953.55
9451568.76602161 3000 953.24
9451568.76602161 10000 952.14
9451568.76602161 30000 949.23
9451568.76602161 100000 942.05
9451568.76602161 300000 923.18
9562763.69268069 1000 961.67
9562763.69268069 3000 961.35
9562763.69268069 10000 960.26
9562763.69268069 30000 957.35
9562763.69268069 100000 950.15
9562763.69268069 300000 931.23
9673958.61933977 1000 969.75
9673958.61933977 3000 969.44
9673958.61933977 10000 968.34
9673958.61933977 30000 965.42
9673958.61933977 100000 958.22
9673958.61933977 300000 939.24
9785153.54599884 1000 977.80
9785153.54599884 3000 977.49
9785153.54599884 10000 976.39
9785153.54599884 30000 973.47
9785153.54599884 100000 966.24
9785153.54599884 300000 947.22
9896348.47265792 1000 985.81
9896348.47265792 3000 985.50
9896348.47265792 10000 984.40
9896348.47265792 30000 981.48
9896348.47265792 100000 974.24
9896348.47265792 300000 955.16
10007543.399317 1000 993.79
10007543.399317 3000 993.48
10007543.399317 10000 992.38
10007543.399317 30000 989.45
10007543.399317 100000 982.19
10007543.399317 300000 963.07
10118738.3259761 1000 1001.73
10118738.3259761 3000 1001.42
10118738.3259761 10000 1000.32
10118738.3259761 30000 997.39
10118738.3259761 100000 990.12
10118738.3259761 300000 970.94
10229933.2526352 1000 1009.64
10229933.2526352 3000 1009.33
10229933.2526352 10000 1008.23
10229933.2526352 30000 1005.29
10229933.2526352 100000 998.01
10229933.2526352 300000 978.78
10341128.1792942 1000 1017.51
10341128.1792942 3000 1017.20
10341128.1792942 10000 1016.10
10341128.1792942 30000 1013.16
10341128.1792942 100000 1005.86
10341128.1792942 300000 986.58
10452323.1059533 1000 1025.35
10452323.1059533 3000 1025.03
10452323.1059533 10000 1023.93
10452323.1059533 30000 1020.99
10452323.1059533 100000 1013.67
10452323.1059533 300000 994.35
10563518.0326124 1000 1033.15
10563518.0326124 3000 1032.83
10563518.0326124 10000 1031.73
10563518.0326124 30000 1028.79
10563518.0326124 100000 1021.45
10563518.0326124 300000 1002.08
10674712.9592715 1000 1040.91
10674712.9592715 3000 1040.60
10674712.9592715 10000 1039.50
10674712.9592715 30000 1036.55
10674712.9592715 100000 1029.20
10674712.9592715 300000 1009.77
10785907.8859305 1000 1048.64
10785907.8859305 3000 1048.33
10785907.8859305 10000 1047.22
10785907.8859305 30000 1044.27
10785907.8859305 100000 1036.91
10785907.8859305 300000 1017.43
10897102.8125896 1000 1056.34
10897102.8125896 3000 1056.02
10897102.8125896 10000 1054.92
10897102.8125896 30000 1051.96
10897102.8125896 100000 1044.58
10897102.8125896 300000 1025.06
11008297.7392487 1000 1063.99
11008297.7392487 3000 1063.68
11008297.7392487 10000 1062.57
11008297.7392487 30000 1059.61
11008297.7392487 100000 1052.22
11008297.7392487 300000 1032.65
11119492.6659078 1000 1071.61
11119492.6659078 3000 1071.30
11119492.6659078 10000 1070.19
11119492.6659078 30000 1067.23
11119492.6659078 100000 1059.82
11119492.6659078 300000 1040.20
11230687.5925669 1000 1079.20
11230687.5925669 3000 1078.88
11230687.5925669 10000 1077.77
11230687.5925669 30000 1074.81
11230687.5925669 100000 1067.39
11230687.5925669 300000 1047.72
11341882.5192259 1000 1086.75
11341882.5192259 3000 1086.43
11341882.5192259 10000 1085.32
11341882.5192259 30000 1082.35
11341882.5192259 100000 1074.91
11341882.5192259 300000 1055.20
11453077.445885 1000 1094.26
11453077.445885 3000 1093.94
11453077.445885 10000 1092.83
11453077.445885 30000 1089.86
11453077.445885 100000 1082.41
11453077.445885 300000 1062.65
11564272.3725441 1000 1101.73
11564272.3725441 3000 1101.42
11564272.3725441 10000 1100.30
11564272.3725441 30000 1097.33
11564272.3725441 100000 1089.86
11564272.3725441 300000 1070.06
11675467.2992032 1000 1109.17
11675467.2992032 3000 1108.86
11675467.2992032 10000 1107.74
11675467.2992032 30000 1104.77
11675467.2992032 100000 1097.28
11675467.2992032 300000 1077.43
11786662.2258622 1000 1116.58
11786662.2258622 3000 1116.26
11786662.2258622 10000 1115.15
11786662.2258622 30000 1112.17
11786662.2258622 100000 1104.67
11786662.2258622 300000 1084.77
11897857.1525213 1000 1123.94
11897857.1525213 3000 1123.63
11897857.1525213 10000 1122.51
11897857.1525213 30000 1119.53
11897857.1525213 100000 1112.02
11897857.1525213 300000 1092.07
12009052.0791804 1000 1131.28
12009052.0791804 3000 1130.96
12009052.0791804 10000 1129.84
12009052.0791804 30000 1126.86
12009052.0791804 100000 1119.33
12009052.0791804 300000 1099.34
12120247.0058395 1000 1138.57
12120247.0058395 3000 1138.25
12120247.0058395 10000 1137.14
12120247.0058395 30000 1134.15
12120247.0058395 100000 1126.61
12120247.0058395 300000 1106.57
12231441.9324986 1000 1145.83
12231441.9324986 3000 1145.51
12231441.9324986 10000 1144.39
12231441.9324986 30000 1141.40
12231441.9324986 100000 1133.85
12231441.9324986 300000 1113.77
12342636.8591576 1000 1153.05
12342636.8591576 3000 1152.73
12342636.8591576 10000 1151.61
12342636.8591576 30000 1148.62
12342636.8591576 100000 1141.05
12342636.8591576 300000 1120.93
12453831.7858167 1000 1160.24
12453831.7858167 3000 1159.92
12453831.7858167 10000 1158.80
12453831.7858167 30000 1155.80
12453831.7858167 100000 1148.22
12453831.7858167 300000 1128.05
12565026.7124758 1000 1167.39
12565026.7124758 3000 1167.07
12565026.7124758 10000 1165.95
12565026.7124758 30000 1162.95
12565026.7124758 100000 1155.35
12565026.7124758 300000 1135.14
12676221.6391349 1000 1174.50
12676221.6391349 3000 1174.18
12676221.6391349 10000 1173.06
12676221.6391349 30000 1170.06
12676221.6391349 100000 1162.45
12676221.6391349 300000 1142.19
12787416.5657939 1000 1181.58
12787416.5657939 3000 1181.26
12787416.5657939 10000 1180.14
12787416.5657939 30000 1177.13
12787416.5657939 100000 1169.51
12787416.5657939 300000 1149.21
12898611.492453 1000 1188.62
12898611.492453 3000 1188.30
12898611.492453 10000 1187.18
12898611.492453 30000 1184.17
12898611.492453 100000 1176.53
12898611.492453 300000 1156.19
13009806.4191121 1000 1195.62
13009806.4191121 3000 1195.30
13009806.4191121 10000 1194.18
13009806.4191121 30000 1191.17
13009806.4191121 100000 1183.52
13009806.4191121 300000 1163.13
13121001.3457712 1000 1202.59
13121001.3457712 3000 1202.27
13121001.3457712 10000 1201.15
13121001.3457712 30000 1198.14
13121001.3457712 100000 1190.47
13121001.3457712 300000 1170.04
13232196.2724303 1000 1209.53
13232196.2724303 3000 1209.20
13232196.2724303 10000 1208.08
13232196.2724303 30000 1205.06
13232196.2724303 100000 1197.39
13232196.2724303 300000 1176.92
13343391.1990893 1000 1216.42
13343391.1990893 3000 1216.10
13343391.1990893 10000 1214.97
13343391.1990893 30000 1211.96
13343391.1990893 100000 1204.26
13343391.1990893 300000 1183.75
13454586.1257484 1000 1223.28
13454586.1257484 3000 1222.96
13454586.1257484 10000 1221.83
13454586.1257484 30000 1218.81
13454586.1257484 100000 1211.11
13454586.1257484 300000 1190.56
13565781.0524075 1000 1230.10
13565781.0524075 3000 1229.78
13565781.0524075 10000 1228.65
13565781.0524075 30000 1225.63
13565781.0524075 100000 1217.91
13565781.0524075 300000 1197.32
13676975.9790666 1000 1236.89
13676975.9790666 3000 1236.57
13676975.9790666 10000 1235.44
13676975.9790666 30000 1232.42
13676975.9790666 100000 1224.68
13676975.9790666 300000 1204.05
13788170.9057256 1000 1243.64
13788170.9057256 3000 1243.32
13788170.9057256 10000 1242.19
13788170.9057256 30000 1239.16
13788170.9057256 100000 1231.42
13788170.9057256 300000 1210.74
13899365.8323847 1000 1250.36
13899365.8323847 3000 1250.03
13899365.8323847 10000 1248.90
13899365.8323847 30000 1245.87
13899365.8323847 100000 1238.12
13899365.8323847 300000 1217.40
14010560.7590438 1000 1257.03
14010560.7590438 3000 1256.71
14010560.7590438 10000 1255.58
14010560.7590438 30000 1252.55
14010560.7590438 100000 1244.78
14010560.7590438 300000 1224.02
14121755.6857029 1000 1263.68
14121755.6857029 3000 1263.35
14121755.6857029 10000 1262.22
14121755.6857029 30000 1259.19
14121755.6857029 100000 1251.40
14121755.6857029 300000 1230.61
14232950.612362 1000 1270.28
14232950.612362 3000 1269.96
14232950.612362 10000 1268.83
14232950.612362 30000 1265.79
14232950.612362 100000 1257.99
14232950.612362 300000 1237.16
14344145.539021 1000 1276.85
14344145.539021 3000 1276.53
14344145.539021 10000 1275.39
14344145.539021 30000 1272.35
14344145.539021 100000 1264.55
14344145.539021 300000 1243.67
14455340.4656801 1000 1283.38
14455340.4656801 3000 1283.06
14455340.4656801 10000 1281.92
14455340.4656801 30000 1278.88
14455340.4656801 100000 1271.06
14455340.4656801 300000 1250.15
14566535.3923392 1000 1289.88
14566535.3923392 3000 1289.56
14566535.3923392 10000 1288.42
14566535.3923392 30000 1285.37
14566535.3923392 100000 1277.54
14566535.3923392 300000 1256.59
14677730.3189983 1000 1296.34
14677730.3189983 3000 1296.02
14677730.3189983 10000 1294.88
14677730.3189983 30000 1291.83
14677730.3189983 100000 1283.99
14677730.3189983 300000 1263.00
14788925.2456573 1000 1302.76
14788925.2456573 3000 1302.44
14788925.2456573 10000 1301.30
14788925.2456573 30000 1298.25
14788925.2456573 100000 1290.39
14788925.2456573 300000 1269.37
14900120.1723164 1000 1309.15
14900120.1723164 3000 1308.82
14900120.1723164 10000 1307.69
14900120.1723164 30000 1304.63
14900120.1723164 100000 1296.77
14900120.1723164 300000 1275.70
15011315.0989755 1000 1315.50
15011315.0989755 3000 1315.17
15011315.0989755 10000 1314.04
15011315.0989755 30000 1310.98
15011315.0989755 100000 1303.10
15011315.0989755 300000 1282.00
15122510.0256346 1000 1321.81
15122510.0256346 3000 1321.49
15122510.0256346 10000 1320.35
15122510.0256346 30000 1317.29
15122510.0256346 100000 1309.40
15122510.0256346 300000 1288.26
15233704.9522937 1000 1328.09
15233704.9522937 3000 1327.77
15233704.9522937 10000 1326.63
15233704.9522937 30000 1323.57
15233704.9522937 100000 1315.66
15233704.9522937 300000 1294.49
15344899.8789527 1000 1334.33
15344899.8789527 3000 1334.01
15344899.8789527 10000 1332.87
15344899.8789527 30000 1329.80
15344899.8789527 100000 1321.89
15344899.8789527 300000 1300.68
15456094.8056118 1000 1340.54
15456094.8056118 3000 1340.21
15456094.8056118 10000 1339.07
15456094.8056118 30000 1336.00
15456094.8056118 100000 1328.08
15456094.8056118 300000 1306.83
15567289.7322709 1000 1346.71
15567289.7322709 3000 1346.38
15567289.7322709 10000 1345.24
15567289.7322709 30000 1342.17
15567289.7322709 100000 1334.23
15567289.7322709 300000 1312.95
15678484.65893 1000 1352.84
15678484.65893 3000 1352.51
15678484.65893 10000 1351.37
15678484.65893 30000 1348.30
15678484.65893 100000 1340.35
15678484.65893 300000 1319.03
15789679.585589 1000 1358.93
15789679.585589 3000 1358.60
15789679.585589 10000 1357.46
15789679.585589 30000 1354.39
15789679.585589 100000 1346.43
15789679.585589 300000 1325.07
15900874.5122481 1000 1364.99
15900874.5122481 3000 1364.66
15900874.5122481 10000 1363.52
15900874.5122481 30000 1360.44
15900874.5122481 100000 1352.47
15900874.5122481 300000 1331.08
16012069.4389072 1000 1371.01
16012069.4389072 3000 1370.68
16012069.4389072 10000 1369.54
16012069.4389072 30000 1366.46
16012069.4389072 100000 1358.48
16012069.4389072 300000 1337.05
16123264.3655663 1000 1377.00
16123264.3655663 3000 1376.67
16123264.3655663 10000 1375.52
16123264.3655663 30000 1372.44
16123264.3655663 100000 1364.45
16123264.3655663 300000 1342.98
16234459.2922254 1000 1382.94
16234459.2922254 3000 1382.61
16234459.2922254 10000 1381.47
16234459.2922254 30000 1378.39
16234459.2922254 100000 1370.38
16234459.2922254 300000 1348.88
16345654.2188844 1000 1388.85
16345654.2188844 3000 1388.53
16345654.2188844 10000 1387.38
16345654.2188844 30000 1384.29
16345654.2188844 100000 1376.28
16345654.2188844 300000 1354.74
16456849.1455435 1000 1394.73
16456849.1455435 3000 1394.40
16456849.1455435 10000 1393.25
16456849.1455435 30000 1390.16
16456849.1455435 100000 1382.14
16456849.1455435 300000 1360.57
16568044.0722026 1000 1400.56
16568044.0722026 3000 1400.23
16568044.0722026 10000 1399.09
16568044.0722026 30000 1396.00
16568044.0722026 100000 1387.96
16568044.0722026 300000 1366.36
16679238.9988617 1000 1406.36
16679238.9988617 3000 1406.03
16679238.9988617 10000 1404.88
16679238.9988617 30000 1401.79
16679238.9988617 100000 1393.74
16679238.9988617 300000 1372.11
16790433.9255207 1000 1412.12
16790433.9255207 3000 1411.80
16790433.9255207 10000 1410.64
16790433.9255207 30000 1407.55
16790433.9255207 100000 1399.49
16790433.9255207 300000 1377.82
16901628.8521798 1000 1417.85
16901628.8521798 3000 1417.52
16901628.8521798 10000 1416.37
16901628.8521798 30000 1413.27
16901628.8521798 100000 1405.20
16901628.8521798 300000 1383.50
17012823.7788389 1000 1423.54
17012823.7788389 3000 1423.21
17012823.7788389 10000 1422.05
17012823.7788389 30000 1418.96
17012823.7788389 100000 1410.87
17012823.7788389 300000 1389.14
17124018.705498 1000 1429.19
17124018.705498 3000 1428.86
17124018.705498 10000 1427.70
17124018.705498 30000 1424.60
17124018.705498 100000 1416.51
17124018.705498 300000 1394.74
17235213.6321571 1000 1434.80
17235213.6321571 3000 1434.47
17235213.6321571 10000 1433.31
17235213.6321571 30000 1430.21
17235213.6321571 100000 1422.11
17235213.6321571 300000 1400.31
17346408.5588161 1000 1440.37
17346408.5588161 3000 1440.04
17346408.5588161 10000 1438.89
17346408.5588161 30000 1435.78
17346408.5588161 100000 1427.67
17346408.5588161 300000 1405.83
17457603.4854752 1000 1445.91
17457603.4854752 3000 1445.58
17457603.4854752 10000 1444.42
17457603.4854752 30000 1441.32
17457603.4854752 100000 1433.19
17457603.4854752 300000 1411.32
17568798.4121343 1000 1451.41
17568798.4121343 3000 1451.08
17568798.4121343 10000 1449.92
17568798.4121343 30000 1446.81
17568798.4121343 100000 1438.68
17568798.4121343 300000 1416.78
17679993.3387934 1000 1456.87
17679993.3387934 3000 1456.54
17679993.3387934 10000 1455.38
17679993.3387934 30000 1452.27
17679993.3387934 100000 1444.13
17679993.3387934 300000 1422.19
17791188.2654524 1000 1462.29
17791188.2654524 3000 1461.96
17791188.2654524 10000 1460.80
17791188.2654524 30000 1457.69
17791188.2654524 100000 1449.54
17791188.2654524 300000 1427.57
17902383.1921115 1000 1467.68
17902383.1921115 3000 1467.35
17902383.1921115 10000 1466.19
17902383.1921115 30000 1463.07
17902383.1921115 100000 1454.91
17902383.1921115 300000 1432.91
18013578.1187706 1000 1473.02
18013578.1187706 3000 1472.69
18013578.1187706 10000 1471.53
18013578.1187706 30000 1468.42
18013578.1187706 100000 1460.24
18013578.1187706 300000 1438.21
18124773.0454297 1000 1478.33
18124773.0454297 3000 1478.00
18124773.0454297 10000 1476.84
18124773.0454297 30000 1473.72
18124773.0454297 100000 1465.54
18124773.0454297 300000 1443.47
18235967.9720888 1000 1483.60
18235967.9720888 1000 1635.60
18235967.9720888 3000 1483.27
18235967.9720888 3000 1635.27
18235967.9720888 10000 1482.11
18235967.9720888 10000 1634.09
18235967.9720888 30000 1478.99
18235967.9720888 30000 1630.93
18235967.9720888 100000 1470.79
18235967.9720888 100000 1622.55
18235967.9720888 300000 1448.70
18347162.8987478 1000 1488.83
18347162.8987478 1000 1631.14
18347162.8987478 3000 1488.50
18347162.8987478 3000 1630.81
18347162.8987478 10000 1487.34
18347162.8987478 10000 1629.63
18347162.8987478 30000 1484.22
18347162.8987478 30000 1626.47
18347162.8987478 100000 1476.01
18347162.8987478 100000 1618.09
18347162.8987478 300000 1453.89
18347162.8987478 300000 1595.43
18458357.8254069 1000 1494.03
18458357.8254069 1000 1626.66
18458357.8254069 3000 1493.69
18458357.8254069 3000 1626.33
18458357.8254069 10000 1492.53
18458357.8254069 10000 1625.15
18458357.8254069 30000 1489.41
18458357.8254069 30000 1621.99
18458357.8254069 100000 1481.19
18458357.8254069 100000 1613.62
18458357.8254069 300000 1459.03
18458357.8254069 300000 1590.97
18569552.752066 1000 1499.18
18569552.752066 1000 1622.17
18569552.752066 3000 1498.85
18569552.752066 3000 1621.83
18569552.752066 10000 1497.68
18569552.752066 10000 1620.66
18569552.752066 30000 1494.56
18569552.752066 30000 1617.50
18569552.752066 100000 1486.33
18569552.752066 100000 1609.13
18569552.752066 300000 1464.14
18569552.752066 300000 1586.49
18680747.6787251 1000 1504.29
18680747.6787251 1000 1617.66
18680747.6787251 3000 1503.96
18680747.6787251 3000 1617.32
18680747.6787251 10000 1502.80
18680747.6787251 10000 1616.15
18680747.6787251 30000 1499.67
18680747.6787251 30000 1612.99
18680747.6787251 100000 1491.43
18680747.6787251 100000 1604.62
18680747.6787251 300000 1469.21
18680747.6787251 300000 1581.99
18791942.6053841 1000 1509.36
18791942.6053841 1000 1613.13
18791942.6053841 3000 1509.03
18791942.6053841 3000 1612.79
18791942.6053841 10000 1507.87
18791942.6053841 10000 1611.62
18791942.6053841 30000 1504.73
18791942.6053841 30000 1608.46
18791942.6053841 100000 1496.49
18791942.6053841 100000 1600.10
18791942.6053841 300000 1474.24
18791942.6053841 300000 1577.48
18903137.5320432 1000 1514.40
18903137.5320432 1000 1608.59
18903137.5320432 3000 1514.06
18903137.5320432 3000 1608.25
18903137.5320432 10000 1512.90
18903137.5320432 10000 1607.08
18903137.5320432 30000 1509.76
18903137.5320432 30000 1603.92
18903137.5320432 100000 1501.51
18903137.5320432 100000 1595.56
18903137.5320432 300000 1479.23
18903137.5320432 300000 1572.95
19014332.4587023 1000 1519.39
19014332.4587023 1000 1604.03
19014332.4587023 3000 1519.06
19014332.4587023 3000 1603.69
19014332.4587023 10000 1517.89
19014332.4587023 10000 1602.52
19014332.4587023 30000 1514.76
19014332.4587023 30000 1599.37
19014332.4587023 100000 1506.49
19014332.4587023 100000 1591.01
19014332.4587023 300000 1484.18
19014332.4587023 300000 1568.41
19125527.3853614 1000 1524.35
19125527.3853614 1000 1599.46
19125527.3853614 3000 1524.02
19125527.3853614 3000 1599.12
19125527.3853614 10000 1522.85
19125527.3853614 10000 1597.95
19125527.3853614 30000 1519.71
19125527.3853614 30000 1594.80
19125527.3853614 100000 1511.44
19125527.3853614 100000 1586.44
19125527.3853614 300000 1489.11
19125527.3853614 300000 1563.85
19236722.3120205 1000 1529.27
19236722.3120205 1000 1594.88
19236722.3120205 3000 1528.94
19236722.3120205 3000 1594.54
19236722.3120205 10000 1527.77
19236722.3120205 10000 1593.37
19236722.3120205 30000 1524.63
19236722.3120205 30000 1590.22
19236722.3120205 100000 1516.35
19236722.3120205 100000 1581.86
19236722.3120205 300000 1493.99
19236722.3120205 300000 1559.28
19347917.2386795 1000 1534.16
19347917.2386795 1000 1590.29
19347917.2386795 3000 1533.82
19347917.2386795 3000 1589.95
19347917.2386795 10000 1532.65
19347917.2386795 10000 1588.78
19347917.2386795 30000 1529.51
19347917.2386795 30000 1585.63
19347917.2386795 100000 1521.22
19347917.2386795 100000 1577.27
19347917.2386795 300000 1498.81
19347917.2386795 300000 1554.70
19459112.1653386 1000 1538.98
19459112.1653386 1000 1585.69
19459112.1653386 3000 1538.65
19459112.1653386 3000 1585.35
19459112.1653386 10000 1537.48
19459112.1653386 10000 1584.18
19459112.1653386 30000 1534.34
19459112.1653386 30000 1581.03
19459112.1653386 100000 1526.03
19459112.1653386 100000 1572.68
19459112.1653386 300000 1503.57
19459112.1653386 300000 1550.11
19570307.0919977 1000 1543.74
19570307.0919977 1000 1581.08
19570307.0919977 3000 1543.41
19570307.0919977 3000 1580.74
19570307.0919977 10000 1542.24
19570307.0919977 10000 1579.57
19570307.0919977 30000 1539.09
19570307.0919977 30000 1576.42
19570307.0919977 100000 1530.77
19570307.0919977 100000 1568.07
19570307.0919977 300000 1508.29
19570307.0919977 300000 1545.51
19681502.0186568 1000 1548.47
19681502.0186568 1000 1576.46
19681502.0186568 3000 1548.14
19681502.0186568 3000 1576.12
19681502.0186568 10000 1546.97
19681502.0186568 10000 1574.95
19681502.0186568 30000 1543.82
19681502.0186568 30000 1571.80
19681502.0186568 100000 1535.49
19681502.0186568 100000 1563.45
19681502.0186568 300000 1513.00
19681502.0186568 300000 1540.90
19792696.9453158 1000 1553.17
19792696.9453158 1000 1571.83
19792696.9453158 3000 1552.84
19792696.9453158 3000 1571.49
19792696.9453158 10000 1551.67
19792696.9453158 10000 1570.32
19792696.9453158 30000 1548.52
19792696.9453158 30000 1567.17
19792696.9453158 100000 1540.19
19792696.9453158 100000 1558.82
19792696.9453158 300000 1517.68
19792696.9453158 300000 1536.28
19903891.8719749 1000 1557.86
19903891.8719749 1000 1567.18
19903891.8719749 3000 1557.52
19903891.8719749 3000 1566.85
19903891.8719749 10000 1556.35
19903891.8719749 10000 1565.68
19903891.8719749 30000 1553.20
19903891.8719749 30000 1562.53
19903891.8719749 100000 1544.87
19903891.8719749 100000 1554.19
19903891.8719749 300000 1522.35
19903891.8719749 300000 1531.65
