1667923.89988617 1000 219.05
1667923.89988617 3000 219.33
1667923.89988617 10000 220.31
1667923.89988617 30000 222.88
1779118.82654524 1000 230.16
1779118.82654524 3000 230.44
1779118.82654524 10000 231.42
1779118.82654524 30000 233.99
1779118.82654524 100000 239.29
1890313.75320432 1000 241.24
1890313.75320432 3000 241.52
1890313.75320432 10000 242.51
1890313.75320432 30000 245.08
1890313.75320432 100000 250.40
2001508.6798634 1000 252.30
2001508.6798634 1000 261.23
2001508.6798634 3000 252.58
2001508.6798634 3000 261.54
2001508.6798634 10000 253.56
2001508.6798634 10000 262.59
2001508.6798634 30000 256.14
2001508.6798634 30000 265.40
2001508.6798634 100000 261.48
2112703.60652248 1000 263.30
2112703.60652248 1000 270.47
2112703.60652248 3000 263.58
2112703.60652248 3000 270.77
2112703.60652248 10000 264.57
2112703.60652248 10000 271.83
2112703.60652248 30000 267.16
2112703.60652248 30000 274.63
2112703.60652248 100000 272.54
2112703.60652248 100000 281.24
2112703.60652248 300000 285.07
2223898.53318156 1000 274.24
2223898.53318156 1000 279.70
2223898.53318156 3000 274.52
2223898.53318156 3000 280.00
2223898.53318156 10000 275.52
2223898.53318156 10000 281.06
2223898.53318156 30000 278.11
2223898.53318156 30000 283.86
2223898.53318156 100000 283.55
2223898.53318156 100000 290.47
2223898.53318156 300000 296.18
2335093.45984063 1000 285.10
2335093.45984063 1000 288.92
2335093.45984063 3000 285.38
2335093.45984063 3000 289.22
2335093.45984063 10000 286.38
2335093.45984063 10000 290.28
2335093.45984063 30000 288.99
2335093.45984063 30000 293.09
2335093.45984063 100000 294.49
2335093.45984063 100000 299.70
2335093.45984063 300000 307.27
2335093.45984063 300000 316.67
2446288.38649971 1000 295.85
2446288.38649971 1000 298.12
2446288.38649971 3000 296.14
2446288.38649971 3000 298.43
2446288.38649971 10000 297.14
2446288.38649971 10000 299.49
2446288.38649971 30000 299.76
2446288.38649971 30000 302.29
2446288.38649971 100000 305.34
2446288.38649971 100000 308.92
2446288.38649971 300000 318.32
2446288.38649971 300000 325.90
2557483.31315879 1000 306.49
2557483.31315879 1000 307.31
2557483.31315879 3000 306.77
2557483.31315879 3000 307.61
2557483.31315879 10000 307.78
2557483.31315879 10000 308.67
2557483.31315879 30000 310.42
2557483.31315879 30000 311.48
2557483.31315879 100000 316.10
2557483.31315879 100000 318.12
2557483.31315879 300000 329.33
2557483.31315879 300000 335.13
2668678.23981787 1000 316.46
2668678.23981787 1000 316.99
2668678.23981787 3000 316.76
2668678.23981787 3000 317.28
2668678.23981787 10000 317.83
2668678.23981787 10000 318.29
2668678.23981787 30000 320.64
2668678.23981787 30000 320.95
2668678.23981787 100000 326.73
2668678.23981787 100000 327.29
2668678.23981787 300000 340.27
2668678.23981787 300000 344.34
2779873.16647694 1000 325.58
2779873.16647694 1000 327.35
2779873.16647694 3000 325.88
2779873.16647694 3000 327.64
2779873.16647694 10000 326.95
2779873.16647694 10000 328.66
2779873.16647694 30000 329.76
2779873.16647694 30000 331.34
2779873.16647694 100000 336.44
2779873.16647694 100000 337.22
2779873.16647694 300000 351.11
2779873.16647694 300000 353.54
2891068.09313602 1000 334.66
2891068.09313602 1000 337.55
2891068.09313602 3000 334.96
2891068.09313602 3000 337.85
2891068.09313602 10000 336.03
2891068.09313602 10000 338.87
2891068.09313602 30000 338.85
2891068.09313602 30000 341.57
2891068.09313602 100000 345.54
2891068.09313602 100000 347.56
2891068.09313602 300000 361.83
2891068.09313602 300000 362.71
3002263.0197951 1000 343.69
3002263.0197951 1000 347.60
3002263.0197951 3000 343.99
3002263.0197951 3000 347.90
3002263.0197951 10000 345.06
3002263.0197951 10000 348.93
3002263.0197951 30000 347.89
3002263.0197951 30000 351.65
3002263.0197951 100000 354.61
3002263.0197951 100000 357.75
3002263.0197951 300000 371.85
3002263.0197951 300000 372.42
3113457.94645418 1000 352.65
3113457.94645418 1000 357.48
3113457.94645418 3000 352.96
3113457.94645418 3000 357.78
3113457.94645418 10000 354.03
3113457.94645418 10000 358.82
3113457.94645418 30000 356.86
3113457.94645418 30000 361.56
3113457.94645418 100000 363.62
3113457.94645418 100000 367.77
3113457.94645418 300000 380.95
3113457.94645418 300000 382.84
3224652.87311326 1000 361.56
3224652.87311326 3000 361.87
3224652.87311326 10000 362.94
3224652.87311326 30000 365.78
3224652.87311326 100000 372.57
3224652.87311326 300000 390.00
3224652.87311326 300000 393.09
3335847.79977233 1000 370.43
3335847.79977233 3000 370.73
3335847.79977233 10000 371.80
3335847.79977233 30000 374.65
3335847.79977233 100000 381.46
3335847.79977233 300000 399.00
3335847.79977233 300000 403.16
3447042.72643141 1000 379.26
3447042.72643141 3000 379.56
3447042.72643141 10000 380.63
3447042.72643141 30000 383.48
3447042.72643141 100000 390.31
3447042.72643141 300000 407.93
3558237.65309049 1000 388.05
3558237.65309049 3000 388.35
3558237.65309049 10000 389.43
3558237.65309049 30000 392.28
3558237.65309049 100000 399.13
3558237.65309049 300000 416.82
3669432.57974957 1000 396.79
3669432.57974957 3000 397.10
3669432.57974957 10000 398.17
3669432.57974957 30000 401.03
3669432.57974957 100000 407.90
3669432.57974957 300000 425.66
3780627.50640864 1000 405.49
3780627.50640864 3000 405.80
3780627.50640864 10000 406.87
3780627.50640864 30000 409.73
3780627.50640864 100000 416.64
3780627.50640864 300000 434.46
3891822.43306772 1000 414.13
3891822.43306772 3000 414.44
3891822.43306772 10000 415.52
3891822.43306772 30000 418.39
3891822.43306772 100000 425.31
3891822.43306772 300000 443.23
4003017.3597268 1000 422.72
4003017.3597268 3000 423.03
4003017.3597268 10000 424.11
4003017.3597268 30000 426.98
4003017.3597268 100000 433.94
4003017.3597268 300000 451.94
4114212.28638588 1000 431.25
4114212.28638588 3000 431.56
4114212.28638588 10000 432.64
4114212.28638588 30000 435.52
4114212.28638588 100000 442.50
4114212.28638588 300000 460.60
4225407.21304496 1000 439.72
4225407.21304496 3000 440.03
4225407.21304496 10000 441.11
4225407.21304496 30000 443.99
4225407.21304496 100000 451.01
4225407.21304496 300000 469.21
4336602.13970403 1000 448.12
4336602.13970403 3000 448.43
4336602.13970403 10000 449.52
4336602.13970403 30000 452.41
4336602.13970403 100000 459.45
4336602.13970403 300000 477.75
4447797.06636311 1000 456.46
4447797.06636311 3000 456.77
4447797.06636311 10000 457.86
4447797.06636311 30000 460.75
4447797.06636311 100000 467.83
4447797.06636311 300000 486.23
4558991.99302219 1000 464.73
4558991.99302219 3000 465.04
4558991.99302219 10000 466.13
4558991.99302219 30000 469.03
4558991.99302219 100000 476.14
4558991.99302219 300000 494.65
4670186.91968127 1000 472.93
4670186.91968127 3000 473.24
4670186.91968127 10000 474.34
4670186.91968127 30000 477.24
4670186.91968127 100000 484.39
4670186.91968127 300000 503.00
4781381.84634034 1000 481.07
4781381.84634034 3000 481.38
4781381.84634034 10000 482.47
4781381.84634034 30000 485.39
4781381.84634034 100000 492.56
4781381.84634034 300000 511.28
4892576.77299942 1000 489.13
4892576.77299942 3000 489.45
4892576.77299942 10000 490.54
4892576.77299942 30000 493.46
4892576.77299942 100000 500.67
4892576.77299942 300000 519.49
5003771.6996585 1000 497.13
5003771.6996585 3000 497.44
5003771.6996585 10000 498.54
5003771.6996585 30000 501.47
5003771.6996585 100000 508.71
5003771.6996585 300000 527.63
5114966.62631758 1000 505.06
5114966.62631758 3000 505.37
5114966.62631758 10000 506.47
5114966.62631758 30000 509.40
5114966.62631758 100000 516.68
5114966.62631758 300000 535.71
5226161.55297666 1000 512.91
5226161.55297666 3000 513.23
5226161.55297666 10000 514.33
5226161.55297666 30000 517.27
5226161.55297666 100000 524.57
5226161.55297666 300000 543.70
5337356.47963573 1000 520.69
5337356.47963573 3000 521.01
5337356.47963573 10000 522.11
5337356.47963573 30000 525.06
5337356.47963573 100000 532.39
5337356.47963573 300000 551.63
5448551.40629481 1000 528.41
5448551.40629481 3000 528.72
5448551.40629481 10000 529.83
5448551.40629481 30000 532.78
5448551.40629481 100000 540.14
5448551.40629481 300000 559.48
5559746.33295389 1000 536.04
5559746.33295389 3000 536.36
5559746.33295389 10000 537.47
5559746.33295389 30000 540.43
5559746.33295389 100000 547.82
5559746.33295389 300000 567.26
5670941.25961297 1000 543.61
5670941.25961297 3000 543.93
5670941.25961297 10000 545.04
5670941.25961297 30000 548.00
5670941.25961297 100000 555.43
5670941.25961297 300000 574.97
5782136.18627204 1000 551.10
5782136.18627204 3000 551.42
5782136.18627204 10000 552.53
5782136.18627204 30000 555.50
5782136.18627204 100000 562.96
5782136.18627204 300000 582.60
5893331.11293112 1000 558.53
5893331.11293112 3000 558.85
5893331.11293112 10000 559.96
5893331.11293112 30000 562.94
5893331.11293112 100000 570.42
5893331.11293112 300000 590.15
6004526.0395902 1000 565.88
6004526.0395902 3000 566.20
6004526.0395902 10000 567.31
6004526.0395902 30000 570.29
6004526.0395902 100000 577.81
6004526.0395902 300000 597.64
6115720.96624928 1000 573.15
6115720.96624928 3000 573.47
6115720.96624928 10000 574.59
6115720.96624928 30000 577.58
6115720.96624928 100000 585.12
6115720.96624928 300000 605.05
6226915.89290836 1000 580.36
6226915.89290836 3000 580.68
6226915.89290836 10000 581.80
6226915.89290836 30000 584.79
6226915.89290836 100000 592.36
6226915.89290836 300000 612.38
6338110.81956743 1000 587.49
6338110.81956743 3000 587.81
6338110.81956743 10000 588.93
6338110.81956743 30000 591.93
6338110.81956743 100000 599.53
6338110.81956743 300000 619.64
6449305.74622651 1000 594.55
6449305.74622651 3000 594.87
6449305.74622651 10000 595.99
6449305.74622651 30000 599.00
6449305.74622651 100000 606.63
6449305.74622651 300000 626.82
6560500.67288559 1000 601.54
6560500.67288559 3000 601.86
6560500.67288559 10000 602.98
6560500.67288559 30000 605.99
6560500.67288559 100000 613.65
6560500.67288559 300000 633.94
6671695.59954467 1000 608.45
6671695.59954467 3000 608.77
6671695.59954467 10000 609.90
6671695.59954467 30000 612.92
6671695.59954467 100000 620.60
6671695.59954467 300000 640.97
6782890.52620374 1000 615.29
6782890.52620374 3000 615.62
6782890.52620374 10000 616.74
6782890.52620374 30000 619.77
6782890.52620374 100000 627.47
6782890.52620374 300000 647.93
6894085.45286282 1000 622.06
6894085.45286282 3000 622.39
6894085.45286282 10000 623.52
6894085.45286282 30000 626.54
6894085.45286282 100000 634.28
6894085.45286282 300000 654.82
7005280.3795219 1000 628.76
7005280.3795219 3000 629.08
7005280.3795219 10000 630.21
7005280.3795219 30000 633.25
7005280.3795219 100000 641.01
7005280.3795219 300000 661.64
7116475.30618098 1000 635.38
7116475.30618098 3000 635.71
7116475.30618098 10000 636.84
7116475.30618098 30000 639.88
7116475.30618098 100000 647.66
7116475.30618098 300000 668.38
7227670.23284006 1000 641.94
7227670.23284006 3000 642.26
7227670.23284006 10000 643.39
7227670.23284006 30000 646.44
7227670.23284006 100000 654.25
7227670.23284006 300000 675.04
7338865.15949913 1000 648.41
7338865.15949913 3000 648.74
7338865.15949913 10000 649.87
7338865.15949913 30000 652.92
7338865.15949913 100000 660.76
7338865.15949913 300000 681.63
7450060.08615821 1000 654.82
7450060.08615821 3000 655.14
7450060.08615821 10000 656.28
7450060.08615821 30000 659.33
7450060.08615821 100000 667.19
7450060.08615821 300000 688.15
7561255.01281729 1000 661.15
7561255.01281729 3000 661.48
7561255.01281729 10000 662.62
7561255.01281729 30000 665.67
7561255.01281729 100000 673.56
7561255.01281729 300000 694.59
7672449.93947637 1000 667.41
7672449.93947637 3000 667.74
7672449.93947637 10000 668.88
7672449.93947637 30000 671.94
7672449.93947637 100000 679.85
7672449.93947637 300000 700.95
7783644.86613545 1000 673.60
7783644.86613545 3000 673.92
7783644.86613545 10000 675.07
7783644.86613545 30000 678.13
7783644.86613545 100000 686.06
7783644.86613545 300000 707.25
7894839.79279452 1000 679.71
7894839.79279452 3000 680.04
7894839.79279452 10000 681.18
7894839.79279452 30000 684.25
7894839.79279452 100000 692.21
7894839.79279452 300000 713.47
8006034.7194536 1000 685.75
8006034.7194536 3000 686.08
8006034.7194536 10000 687.22
8006034.7194536 30000 690.30
8006034.7194536 100000 698.28
8006034.7194536 300000 719.61
8117229.64611268 1000 691.72
8117229.64611268 3000 692.05
8117229.64611268 10000 693.19
8117229.64611268 30000 696.27
8117229.64611268 100000 704.27
8117229.64611268 300000 725.68
8228424.57277176 1000 697.61
8228424.57277176 3000 697.94
8228424.57277176 10000 699.09
8228424.57277176 30000 702.17
8228424.57277176 100000 710.19
8228424.57277176 300000 731.67
8339619.49943083 1000 703.43
8339619.49943083 3000 703.76
8339619.49943083 10000 704.91
8339619.49943083 30000 708.00
8339619.49943083 100000 716.04
8339619.49943083 300000 737.59
8450814.42608991 1000 709.17
8450814.42608991 3000 709.50
8450814.42608991 10000 710.65
8450814.42608991 30000 713.75
8450814.42608991 100000 721.81
8450814.42608991 300000 743.43
8562009.35274899 1000 714.84
8562009.35274899 3000 715.17
8562009.35274899 10000 716.32
8562009.35274899 30000 719.42
8562009.35274899 100000 727.51
8562009.35274899 300000 749.20
8673204.27940807 1000 720.43
8673204.27940807 3000 720.76
8673204.27940807 10000 721.92
8673204.27940807 30000 725.02
8673204.27940807 100000 733.13
8673204.27940807 300000 754.88
8784399.20606714 1000 725.95
8784399.20606714 3000 726.28
8784399.20606714 10000 727.44
8784399.20606714 30000 730.55
8784399.20606714 100000 738.67
8784399.20606714 300000 760.50
8895594.13272622 1000 731.39
8895594.13272622 3000 731.73
8895594.13272622 10000 732.88
8895594.13272622 30000 736.00
8895594.13272622 100000 744.14
8895594.13272622 300000 766.03
9006789.0593853 1000 736.76
9006789.0593853 3000 737.09
9006789.0593853 10000 738.25
9006789.0593853 30000 741.37
9006789.0593853 100000 749.54
9006789.0593853 300000 771.49
9117983.98604438 1000 742.05
9117983.98604438 3000 742.38
9117983.98604438 10000 743.54
9117983.98604438 30000 746.66
9117983.98604438 100000 754.85
9117983.98604438 300000 776.87
9229178.91270346 1000 747.26
9229178.91270346 3000 747.59
9229178.91270346 10000 748.76
9229178.91270346 30000 751.88
9229178.91270346 100000 760.09
9229178.91270346 300000 782.18
9340373.83936253 1000 752.40
9340373.83936253 3000 752.73
9340373.83936253 10000 753.89
9340373.83936253 30000 757.02
9340373.83936253 100000 765.25
9340373.83936253 300000 787.40
9451568.76602161 1000 757.45
9451568.76602161 3000 757.78
9451568.76602161 10000 758.95
9451568.76602161 30000 762.08
9451568.76602161 100000 770.33
9451568.76602161 300000 792.54
9562763.69268069 1000 762.42
9562763.69268069 3000 762.76
9562763.69268069 10000 763.92
9562763.69268069 30000 767.06
9562763.69268069 100000 775.33
9562763.69268069 300000 797.60
9673958.61933977 1000 767.33
9673958.61933977 3000 767.66
9673958.61933977 10000 768.83
9673958.61933977 30000 771.97
9673958.61933977 100000 780.26
9673958.61933977 300000 802.59
9785153.54599884 1000 772.12
9785153.54599884 3000 772.46
9785153.54599884 10000 773.63
9785153.54599884 30000 776.77
9785153.54599884 100000 785.09
9785153.54599884 300000 807.50
9896348.47265792 1000 776.84
9896348.47265792 3000 777.17
9896348.47265792 10000 778.34
9896348.47265792 30000 781.49
9896348.47265792 100000 789.82
9896348.47265792 300000 812.30
10007543.399317 1000 781.51
10007543.399317 3000 781.85
10007543.399317 10000 783.02
10007543.399317 30000 786.17
10007543.399317 100000 794.51
10007543.399317 300000 817.01
10118738.3259761 1000 786.16
10118738.3259761 3000 786.50
10118738.3259761 10000 787.67
10118738.3259761 30000 790.82
10118738.3259761 100000 799.16
10118738.3259761 300000 821.69
10229933.2526352 1000 790.79
10229933.2526352 3000 791.12
10229933.2526352 10000 792.30
10229933.2526352 30000 795.45
10229933.2526352 100000 803.80
10229933.2526352 300000 826.34
10341128.1792942 1000 795.39
10341128.1792942 3000 795.73
10341128.1792942 10000 796.90
10341128.1792942 30000 800.06
10341128.1792942 100000 808.41
10341128.1792942 300000 830.97
10452323.1059533 1000 799.98
10452323.1059533 3000 800.32
10452323.1059533 10000 801.49
10452323.1059533 30000 804.64
10452323.1059533 100000 813.00
10452323.1059533 300000 835.57
10563518.0326124 1000 804.54
10563518.0326124 3000 804.88
10563518.0326124 10000 806.05
10563518.0326124 30000 809.21
10563518.0326124 100000 817.57
10563518.0326124 300000 840.16
10674712.9592715 1000 809.08
10674712.9592715 3000 809.41
10674712.9592715 10000 810.59
10674712.9592715 30000 813.75
10674712.9592715 100000 822.11
10674712.9592715 300000 844.72
10785907.8859305 1000 813.58
10785907.8859305 3000 813.92
10785907.8859305 10000 815.09
10785907.8859305 30000 818.25
10785907.8859305 100000 826.63
10785907.8859305 300000 849.25
10897102.8125896 1000 818.05
10897102.8125896 3000 818.39
10897102.8125896 10000 819.56
10897102.8125896 30000 822.72
10897102.8125896 100000 831.11
10897102.8125896 300000 853.76
11008297.7392487 300000 858.23
