1667923.89988617 396.70
1779118.82654524 417.21
1890313.75320432 437.68
2001508.6798634 458.07
2001508.6798634 473.52
2112703.60652248 478.36
2112703.60652248 490.26
2223898.53318156 498.49
2223898.53318156 500.33
2223898.53318156 501.00
2223898.53318156 506.95
2335093.45984063 518.41
2335093.45984063 522.66
2335093.45984063 523.59
2446288.38649971 538.08
2446288.38649971 540.14
2446288.38649971 544.55
2557483.31315879 556.55
2557483.31315879 557.46
2668678.23981787 572.82
2668678.23981787 576.52
2779873.16647694 588.85
2779873.16647694 595.24
2891068.09313602 604.70
2891068.09313602 613.61
3002263.0197951 620.49
3002263.0197951 631.61
3113457.94645418 636.25
3224652.87311326 651.96
3335847.79977233 667.65
3447042.72643141 683.29
3558237.65309049 698.89
3669432.57974957 714.42
3780627.50640864 729.89
3891822.43306772 745.29
4003017.3597268 760.62
4114212.28638588 775.87
4225407.21304496 791.05
4336602.13970403 806.13
4447797.06636311 821.13
4558991.99302219 836.04
4670186.91968127 850.86
4781381.84634034 865.58
4892576.77299942 880.20
5003771.6996585 894.73
5114966.62631758 909.16
5226161.55297666 923.48
5337356.47963573 937.70
5448551.40629481 951.82
5559746.33295389 965.83
5670941.25961297 979.74
5782136.18627204 993.54
5893331.11293112 1007.23
6004526.0395902 1020.81
6115720.96624928 1034.28
6226915.89290836 1047.65
6338110.81956743 1060.90
6449305.74622651 1074.05
6560500.67288559 1087.08
6671695.59954467 1100.00
6782890.52620374 1112.81
6894085.45286282 1125.50
7005280.3795219 1138.09
7116475.30618098 1150.56
7227670.23284006 1162.91
7338865.15949913 1175.15
7450060.08615821 1187.28
7561255.01281729 1199.29
7672449.93947637 1211.19
7783644.86613545 1222.97
7894839.79279452 1234.63
8006034.7194536 1246.18
8117229.64611268 1257.61
8228424.57277176 1268.91
8339619.49943083 1280.10
8450814.42608991 1291.17
8562009.35274899 1302.12
8673204.27940807 1312.95
8784399.20606714 1323.65
8895594.13272622 1334.23
9006789.0593853 1344.68
9117983.98604438 1355.01
9229178.91270346 1365.21
9340373.83936253 1375.28
9451568.76602161 1385.23
9562763.69268069 1395.04
9673958.61933977 1404.71
9785153.54599884 1414.25
9896348.47265792 1423.66
10007543.399317 1432.92
10118738.3259761 1442.05
10229933.2526352 1451.03
10341128.1792942 1459.87
10452323.1059533 1468.60
10563518.0326124 1477.28
10674712.9592715 1485.90
10785907.8859305 1494.46
10897102.8125896 1502.93
11008297.7392487 1511.32
