111194.926659078 35.02
222389.853318156 59.76
333584.779977233 84.49
444779.706636311 109.21
555974.633295389 133.92
667169.559954467 158.61
778364.486613545 183.28
889559.413272622 207.92
1000754.3399317 232.53
1111949.26659078 257.11
1223144.19324986 281.65
1334339.11990893 306.14
1445534.04656801 330.59
1556728.97322709 354.98
1667923.89988617 379.31
1779118.82654524 403.59
1890313.75320432 427.83
2001508.6798634 452.03
2112703.60652248 476.19
2223898.53318156 500.29
2335093.45984063 524.34
2446288.38649971 548.33
2557483.31315879 572.25
2668678.23981787 596.11
