1667923.89988617 1000 219.19
1667923.89988617 3000 219.75
1667923.89988617 10000 221.71
1667923.89988617 30000 226.99
1667923.89988617 100000 241.15
1779118.82654524 1000 230.30
1779118.82654524 3000 230.86
1779118.82654524 10000 232.82
1779118.82654524 30000 238.09
1779118.82654524 100000 252.26
1779118.82654524 300000 291.09
1890313.75320432 1000 241.38
1890313.75320432 3000 241.94
1890313.75320432 10000 243.91
1890313.75320432 30000 249.18
1890313.75320432 100000 263.36
1890313.75320432 300000 302.20
2001508.6798634 1000 252.43
2001508.6798634 1000 261.37
2001508.6798634 3000 253.00
2001508.6798634 3000 261.94
2001508.6798634 10000 254.96
2001508.6798634 10000 263.94
2001508.6798634 30000 260.24
2001508.6798634 30000 269.33
2001508.6798634 100000 274.43
2001508.6798634 300000 313.30
2112703.60652248 1000 263.44
2112703.60652248 1000 270.61
2112703.60652248 3000 264.00
2112703.60652248 3000 271.18
2112703.60652248 10000 265.97
2112703.60652248 10000 273.18
2112703.60652248 30000 271.25
2112703.60652248 30000 278.57
2112703.60652248 100000 285.46
2112703.60652248 100000 293.27
2112703.60652248 300000 324.37
2112703.60652248 300000 333.76
2223898.53318156 1000 274.38
2223898.53318156 1000 279.84
2223898.53318156 3000 274.94
2223898.53318156 3000 280.41
2223898.53318156 10000 276.91
2223898.53318156 10000 282.41
2223898.53318156 30000 282.20
2223898.53318156 30000 287.80
2223898.53318156 100000 296.42
2223898.53318156 100000 302.51
2223898.53318156 300000 335.39
2223898.53318156 300000 343.00
2335093.45984063 1000 285.24
2335093.45984063 1000 289.06
2335093.45984063 3000 285.80
2335093.45984063 3000 289.63
2335093.45984063 10000 287.77
2335093.45984063 10000 291.63
2335093.45984063 30000 293.06
2335093.45984063 30000 297.02
2335093.45984063 100000 307.32
2335093.45984063 100000 311.73
2335093.45984063 300000 346.36
2335093.45984063 300000 352.23
2446288.38649971 1000 295.99
2446288.38649971 1000 298.26
2446288.38649971 3000 296.55
2446288.38649971 3000 298.83
2446288.38649971 10000 298.52
2446288.38649971 10000 300.83
2446288.38649971 30000 303.82
2446288.38649971 30000 306.22
2446288.38649971 100000 318.11
2446288.38649971 100000 320.94
2446288.38649971 300000 357.25
2446288.38649971 300000 361.45
2557483.31315879 1000 306.62
2557483.31315879 1000 307.44
2557483.31315879 3000 307.19
2557483.31315879 3000 308.01
2557483.31315879 10000 309.16
2557483.31315879 10000 310.02
2557483.31315879 30000 314.47
2557483.31315879 30000 315.41
2557483.31315879 100000 328.80
2557483.31315879 100000 330.13
2557483.31315879 300000 368.04
2557483.31315879 300000 370.66
2668678.23981787 1000 316.60
2668678.23981787 1000 317.13
2668678.23981787 3000 317.17
2668678.23981787 3000 317.69
2668678.23981787 10000 319.17
2668678.23981787 10000 319.67
2668678.23981787 30000 324.57
2668678.23981787 30000 324.99
2668678.23981787 100000 339.29
2668678.23981787 100000 339.35
2668678.23981787 300000 378.72
2668678.23981787 300000 379.84
2779873.16647694 1000 325.71
2779873.16647694 1000 327.49
2779873.16647694 3000 326.29
2779873.16647694 3000 328.05
2779873.16647694 10000 328.29
2779873.16647694 10000 330.03
2779873.16647694 30000 333.69
2779873.16647694 30000 335.36
2779873.16647694 100000 348.42
2779873.16647694 100000 349.77
2779873.16647694 300000 389.00
2779873.16647694 300000 389.26
2891068.09313602 1000 334.79
2891068.09313602 1000 337.69
2891068.09313602 3000 335.37
2891068.09313602 3000 338.26
2891068.09313602 10000 337.37
2891068.09313602 10000 340.24
2891068.09313602 30000 342.77
2891068.09313602 30000 345.58
2891068.09313602 100000 357.52
2891068.09313602 100000 360.03
2891068.09313602 300000 398.12
2891068.09313602 300000 399.67
3002263.0197951 1000 343.82
3002263.0197951 1000 347.74
3002263.0197951 3000 344.40
3002263.0197951 3000 348.31
3002263.0197951 10000 346.40
3002263.0197951 10000 350.30
3002263.0197951 30000 351.80
3002263.0197951 30000 355.64
3002263.0197951 100000 366.56
3002263.0197951 100000 370.14
3002263.0197951 300000 407.20
3002263.0197951 300000 409.91
3113457.94645418 1000 352.79
3113457.94645418 1000 357.62
3113457.94645418 3000 353.36
3113457.94645418 3000 358.19
3113457.94645418 10000 355.37
3113457.94645418 10000 360.18
3113457.94645418 30000 360.77
3113457.94645418 30000 365.54
3113457.94645418 100000 375.55
3113457.94645418 100000 380.08
3113457.94645418 300000 416.24
3113457.94645418 300000 420.00
3224652.87311326 1000 361.70
3224652.87311326 3000 362.27
3224652.87311326 10000 364.28
3224652.87311326 30000 369.69
3224652.87311326 100000 384.48
3224652.87311326 300000 425.21
3224652.87311326 300000 429.92
3335847.79977233 1000 370.56
3335847.79977233 3000 371.13
3335847.79977233 10000 373.14
3335847.79977233 30000 378.55
3335847.79977233 100000 393.35
3335847.79977233 300000 434.12
3447042.72643141 1000 379.39
3447042.72643141 3000 379.96
3447042.72643141 10000 381.97
3447042.72643141 30000 387.38
3447042.72643141 100000 402.19
3447042.72643141 300000 442.99
3558237.65309049 1000 388.18
3558237.65309049 3000 388.75
3558237.65309049 10000 390.76
3558237.65309049 30000 396.18
3558237.65309049 100000 411.00
3558237.65309049 300000 451.82
3669432.57974957 1000 396.93
3669432.57974957 3000 397.50
3669432.57974957 10000 399.51
3669432.57974957 30000 404.93
3669432.57974957 100000 419.76
3669432.57974957 300000 460.61
3780627.50640864 1000 405.62
3780627.50640864 3000 406.20
3780627.50640864 10000 408.21
3780627.50640864 30000 413.63
3780627.50640864 100000 428.47
3780627.50640864 300000 469.36
3891822.43306772 1000 414.27
3891822.43306772 3000 414.84
3891822.43306772 10000 416.85
3891822.43306772 30000 422.28
3891822.43306772 100000 437.13
3891822.43306772 300000 478.06
4003017.3597268 1000 422.85
4003017.3597268 3000 423.43
4003017.3597268 10000 425.44
4003017.3597268 30000 430.87
4003017.3597268 100000 445.74
4003017.3597268 300000 486.71
4114212.28638588 1000 431.38
4114212.28638588 3000 431.96
4114212.28638588 10000 433.97
4114212.28638588 30000 439.40
4114212.28638588 100000 454.28
4114212.28638588 300000 495.30
4225407.21304496 1000 439.85
4225407.21304496 3000 440.42
4225407.21304496 10000 442.44
4225407.21304496 30000 447.87
4225407.21304496 100000 462.77
4225407.21304496 300000 503.83
4336602.13970403 1000 448.25
4336602.13970403 3000 448.83
4336602.13970403 10000 450.84
4336602.13970403 30000 456.28
4336602.13970403 100000 471.19
4336602.13970403 300000 512.29
4447797.06636311 1000 456.59
4447797.06636311 3000 457.17
4447797.06636311 10000 459.18
4447797.06636311 30000 464.62
4447797.06636311 100000 479.55
4447797.06636311 300000 520.70
4558991.99302219 1000 464.86
4558991.99302219 3000 465.44
4558991.99302219 10000 467.46
4558991.99302219 30000 472.90
4558991.99302219 100000 487.84
4558991.99302219 300000 529.04
4670186.91968127 1000 473.06
4670186.91968127 3000 473.64
4670186.91968127 10000 475.66
4670186.91968127 30000 481.11
4670186.91968127 100000 496.06
4670186.91968127 300000 537.31
4781381.84634034 1000 481.20
4781381.84634034 3000 481.78
4781381.84634034 10000 483.80
4781381.84634034 30000 489.25
4781381.84634034 100000 504.22
4781381.84634034 300000 545.51
4892576.77299942 1000 489.27
4892576.77299942 3000 489.84
4892576.77299942 10000 491.86
4892576.77299942 30000 497.32
4892576.77299942 100000 512.30
4892576.77299942 300000 553.64
5003771.6996585 1000 497.26
5003771.6996585 3000 497.84
5003771.6996585 10000 499.86
5003771.6996585 30000 505.32
5003771.6996585 100000 520.32
5003771.6996585 300000 561.70
5114966.62631758 1000 505.19
5114966.62631758 3000 505.77
5114966.62631758 10000 507.79
5114966.62631758 30000 513.25
5114966.62631758 100000 528.27
5114966.62631758 300000 569.70
5226161.55297666 1000 513.04
5226161.55297666 3000 513.62
5226161.55297666 10000 515.65
5226161.55297666 30000 521.11
5226161.55297666 100000 536.14
5226161.55297666 300000 577.62
5337356.47963573 1000 520.83
5337356.47963573 3000 521.40
5337356.47963573 10000 523.43
5337356.47963573 30000 528.90
5337356.47963573 100000 543.94
5337356.47963573 300000 585.47
5448551.40629481 1000 528.54
5448551.40629481 3000 529.12
5448551.40629481 10000 531.14
5448551.40629481 30000 536.61
5448551.40629481 100000 551.67
5448551.40629481 300000 593.25
5559746.33295389 1000 536.18
5559746.33295389 3000 536.76
5559746.33295389 10000 538.78
5559746.33295389 30000 544.26
5559746.33295389 100000 559.33
5559746.33295389 300000 600.95
5670941.25961297 1000 543.74
5670941.25961297 3000 544.32
5670941.25961297 10000 546.35
5670941.25961297 30000 551.83
5670941.25961297 100000 566.92
5670941.25961297 300000 608.58
5782136.18627204 1000 551.24
5782136.18627204 3000 551.82
5782136.18627204 10000 553.85
5782136.18627204 30000 559.32
5782136.18627204 100000 574.43
5782136.18627204 300000 616.14
5893331.11293112 1000 558.66
5893331.11293112 3000 559.24
5893331.11293112 10000 561.27
5893331.11293112 30000 566.75
5893331.11293112 100000 581.87
5893331.11293112 300000 623.63
6004526.0395902 1000 566.01
6004526.0395902 3000 566.59
6004526.0395902 10000 568.62
6004526.0395902 30000 574.11
6004526.0395902 100000 589.24
6004526.0395902 300000 631.04
6115720.96624928 1000 573.29
6115720.96624928 3000 573.87
6115720.96624928 10000 575.90
6115720.96624928 30000 581.39
6115720.96624928 100000 596.54
6115720.96624928 300000 638.38
6226915.89290836 1000 580.49
6226915.89290836 3000 581.07
6226915.89290836 10000 583.10
6226915.89290836 30000 588.60
6226915.89290836 100000 603.76
6226915.89290836 300000 645.65
6338110.81956743 1000 587.62
6338110.81956743 3000 588.20
6338110.81956743 10000 590.24
6338110.81956743 30000 595.73
6338110.81956743 100000 610.91
6338110.81956743 300000 652.84
6449305.74622651 1000 594.68
6449305.74622651 3000 595.26
6449305.74622651 10000 597.30
6449305.74622651 30000 602.80
6449305.74622651 100000 617.99
6449305.74622651 300000 659.96
6560500.67288559 1000 601.67
6560500.67288559 3000 602.25
6560500.67288559 10000 604.29
6560500.67288559 30000 609.79
6560500.67288559 100000 624.99
6560500.67288559 300000 667.01
6671695.59954467 1000 608.58
6671695.59954467 3000 609.16
6671695.59954467 10000 611.20
6671695.59954467 30000 616.71
6671695.59954467 100000 631.92
6671695.59954467 300000 673.98
6782890.52620374 1000 615.42
6782890.52620374 3000 616.01
6782890.52620374 10000 618.05
6782890.52620374 30000 623.55
6782890.52620374 100000 638.78
6782890.52620374 300000 680.88
6894085.45286282 1000 622.19
6894085.45286282 3000 622.78
6894085.45286282 10000 624.82
6894085.45286282 30000 630.33
6894085.45286282 100000 645.57
6894085.45286282 300000 687.71
7005280.3795219 1000 628.89
7005280.3795219 3000 629.47
7005280.3795219 10000 631.51
7005280.3795219 30000 637.03
7005280.3795219 100000 652.28
7005280.3795219 300000 694.46
7116475.30618098 1000 635.51
7116475.30618098 3000 636.10
7116475.30618098 10000 638.14
7116475.30618098 30000 643.65
7116475.30618098 100000 658.92
7116475.30618098 300000 701.14
7227670.23284006 1000 642.06
7227670.23284006 3000 642.65
7227670.23284006 10000 644.69
7227670.23284006 30000 650.21
7227670.23284006 100000 665.49
7227670.23284006 300000 707.75
7338865.15949913 1000 648.54
7338865.15949913 3000 649.13
7338865.15949913 10000 651.17
7338865.15949913 30000 656.69
7338865.15949913 100000 671.99
7338865.15949913 300000 714.28
7450060.08615821 1000 654.95
7450060.08615821 3000 655.53
7450060.08615821 10000 657.58
7450060.08615821 30000 663.10
7450060.08615821 100000 678.41
7450060.08615821 300000 720.74
7561255.01281729 1000 661.28
7561255.01281729 3000 661.87
7561255.01281729 10000 663.91
7561255.01281729 30000 669.44
7561255.01281729 100000 684.76
7561255.01281729 300000 727.13
7672449.93947637 1000 667.54
7672449.93947637 3000 668.12
7672449.93947637 10000 670.17
7672449.93947637 30000 675.70
7672449.93947637 100000 691.03
7672449.93947637 300000 733.44
7783644.86613545 1000 673.73
7783644.86613545 3000 674.31
7783644.86613545 10000 676.36
7783644.86613545 30000 681.89
7783644.86613545 100000 697.24
7783644.86613545 300000 739.68
7894839.79279452 1000 679.84
7894839.79279452 3000 680.43
7894839.79279452 10000 682.47
7894839.79279452 30000 688.01
7894839.79279452 100000 703.36
7894839.79279452 300000 745.85
8006034.7194536 1000 685.88
8006034.7194536 3000 686.47
8006034.7194536 10000 688.51
8006034.7194536 30000 694.05
8006034.7194536 100000 709.42
8006034.7194536 300000 751.94
8117229.64611268 1000 691.85
8117229.64611268 3000 692.43
8117229.64611268 10000 694.48
8117229.64611268 30000 700.02
8117229.64611268 100000 715.40
8117229.64611268 300000 757.96
8228424.57277176 1000 697.74
8228424.57277176 3000 698.32
8228424.57277176 10000 700.37
8228424.57277176 30000 705.92
8228424.57277176 100000 721.31
8228424.57277176 300000 763.90
8339619.49943083 1000 703.56
8339619.49943083 3000 704.14
8339619.49943083 10000 706.19
8339619.49943083 30000 711.74
8339619.49943083 100000 727.14
8339619.49943083 300000 769.77
8450814.42608991 1000 709.30
8450814.42608991 3000 709.89
8450814.42608991 10000 711.94
8450814.42608991 30000 717.49
8450814.42608991 100000 732.90
8450814.42608991 300000 775.56
8562009.35274899 1000 714.97
8562009.35274899 3000 715.56
8562009.35274899 10000 717.61
8562009.35274899 30000 723.16
8562009.35274899 100000 738.58
8562009.35274899 300000 781.28
8673204.27940807 1000 720.56
8673204.27940807 3000 721.15
8673204.27940807 10000 723.20
8673204.27940807 30000 728.76
8673204.27940807 100000 744.19
8673204.27940807 300000 786.92
8784399.20606714 1000 726.08
8784399.20606714 3000 726.67
8784399.20606714 10000 728.72
8784399.20606714 30000 734.28
8784399.20606714 100000 749.72
8784399.20606714 300000 792.49
8895594.13272622 1000 731.52
8895594.13272622 3000 732.11
8895594.13272622 10000 734.17
8895594.13272622 30000 739.72
8895594.13272622 100000 755.18
8895594.13272622 300000 797.98
9006789.0593853 1000 736.89
9006789.0593853 3000 737.48
9006789.0593853 10000 739.53
9006789.0593853 30000 745.09
9006789.0593853 100000 760.56
9006789.0593853 300000 803.39
9117983.98604438 1000 742.18
9117983.98604438 3000 742.77
9117983.98604438 10000 744.82
9117983.98604438 30000 750.38
9117983.98604438 100000 765.86
9117983.98604438 300000 808.73
9229178.91270346 1000 747.39
9229178.91270346 3000 747.98
9229178.91270346 10000 750.04
9229178.91270346 30000 755.60
9229178.91270346 100000 771.09
9229178.91270346 300000 813.99
9340373.83936253 1000 752.52
9340373.83936253 3000 753.11
9340373.83936253 10000 755.17
9340373.83936253 30000 760.74
9340373.83936253 100000 776.24
9340373.83936253 300000 819.17
9451568.76602161 1000 757.58
9451568.76602161 3000 758.16
9451568.76602161 10000 760.22
9451568.76602161 30000 765.79
9451568.76602161 100000 781.30
9451568.76602161 300000 824.27
9562763.69268069 1000 762.55
9562763.69268069 3000 763.14
9562763.69268069 10000 765.20
9562763.69268069 30000 770.77
9562763.69268069 100000 786.29
9562763.69268069 300000 829.29
9673958.61933977 1000 767.46
9673958.61933977 3000 768.04
9673958.61933977 10000 770.11
9673958.61933977 30000 775.68
9673958.61933977 100000 791.21
9673958.61933977 300000 834.23
9785153.54599884 1000 772.25
9785153.54599884 3000 772.84
9785153.54599884 10000 774.90
9785153.54599884 30000 780.48
9785153.54599884 100000 796.02
9785153.54599884 300000 839.10
9896348.47265792 1000 776.96
9896348.47265792 3000 777.55
9896348.47265792 10000 779.62
9896348.47265792 30000 785.20
9896348.47265792 100000 800.75
9896348.47265792 300000 843.84
10007543.399317 1000 781.64
10007543.399317 3000 782.23
10007543.399317 10000 784.29
10007543.399317 30000 789.87
10007543.399317 100000 805.43
10007543.399317 300000 848.54
10118738.3259761 1000 786.29
10118738.3259761 3000 786.88
10118738.3259761 10000 788.94
10118738.3259761 30000 794.52
10118738.3259761 100000 810.08
10118738.3259761 300000 853.20
10229933.2526352 1000 790.92
10229933.2526352 3000 791.51
10229933.2526352 10000 793.57
10229933.2526352 30000 799.15
10229933.2526352 100000 814.71
10229933.2526352 300000 857.84
10341128.1792942 1000 795.52
10341128.1792942 3000 796.11
10341128.1792942 10000 798.17
10341128.1792942 30000 803.76
10341128.1792942 100000 819.32
10341128.1792942 300000 862.46
10452323.1059533 1000 800.11
10452323.1059533 3000 800.70
10452323.1059533 10000 802.76
10452323.1059533 30000 808.34
10452323.1059533 100000 823.91
10452323.1059533 300000 867.05
10563518.0326124 1000 804.67
10563518.0326124 3000 805.26
10563518.0326124 10000 807.32
10563518.0326124 30000 812.91
10563518.0326124 100000 828.48
10563518.0326124 300000 871.63
10674712.9592715 1000 809.21
10674712.9592715 3000 809.80
10674712.9592715 10000 811.86
10674712.9592715 30000 817.44
10674712.9592715 100000 833.02
10674712.9592715 300000 876.18
10785907.8859305 1000 813.71
10785907.8859305 3000 814.30
10785907.8859305 10000 816.36
10785907.8859305 30000 821.95
10785907.8859305 100000 837.52
10785907.8859305 300000 880.70
10897102.8125896 1000 818.18
10897102.8125896 3000 818.77
10897102.8125896 10000 820.83
10897102.8125896 30000 826.42
10897102.8125896 100000 842.00
10897102.8125896 300000 885.19
