2779873.16647694 300000 658.09
2891068.09313602 300000 678.61
3002263.0197951 300000 699.11
3113457.94645418 100000 741.53
3113457.94645418 300000 719.61
3224652.87311326 1000 777.32
3224652.87311326 3000 776.85
3224652.87311326 10000 775.22
3224652.87311326 30000 770.97
3224652.87311326 100000 762.05
3224652.87311326 300000 740.09
3335847.79977233 1000 797.84
3335847.79977233 3000 797.37
3335847.79977233 10000 795.74
3335847.79977233 30000 791.49
3335847.79977233 100000 782.56
3335847.79977233 300000 753.76
3335847.79977233 300000 760.53
3447042.72643141 1000 818.35
3447042.72643141 3000 817.88
3447042.72643141 10000 816.25
3447042.72643141 30000 812.00
3447042.72643141 100000 803.06
3447042.72643141 300000 776.40
3447042.72643141 300000 780.94
3558237.65309049 1000 838.85
3558237.65309049 3000 838.39
3558237.65309049 10000 836.75
3558237.65309049 30000 832.50
3558237.65309049 100000 823.54
3558237.65309049 300000 798.97
3558237.65309049 300000 801.31
3558237.65309049 300000 835.09
3669432.57974957 1000 859.34
3669432.57974957 3000 858.87
3669432.57974957 10000 857.23
3669432.57974957 30000 852.98
3669432.57974957 100000 843.99
3669432.57974957 300000 821.45
3669432.57974957 300000 821.62
3669432.57974957 300000 851.84
3780627.50640864 1000 879.80
3780627.50640864 3000 879.33
3780627.50640864 10000 877.69
3780627.50640864 30000 873.43
3780627.50640864 100000 864.41
3780627.50640864 100000 899.66
3780627.50640864 300000 841.87
3780627.50640864 300000 843.82
3780627.50640864 300000 868.58
3891822.43306772 1000 900.22
3891822.43306772 1000 935.18
3891822.43306772 3000 899.75
3891822.43306772 3000 934.66
3891822.43306772 10000 898.11
3891822.43306772 10000 932.87
3891822.43306772 30000 893.84
3891822.43306772 30000 928.11
3891822.43306772 100000 884.79
3891822.43306772 100000 916.40
3891822.43306772 300000 862.04
3891822.43306772 300000 866.06
3891822.43306772 300000 885.32
4003017.3597268 1000 920.60
4003017.3597268 1000 951.93
4003017.3597268 3000 920.13
4003017.3597268 3000 951.41
4003017.3597268 10000 918.49
4003017.3597268 10000 949.62
4003017.3597268 30000 914.21
4003017.3597268 30000 944.85
4003017.3597268 100000 905.11
4003017.3597268 100000 933.15
4003017.3597268 300000 882.13
4003017.3597268 300000 888.17
4003017.3597268 300000 902.03
4114212.28638588 1000 940.93
4114212.28638588 1000 968.67
4114212.28638588 3000 940.46
4114212.28638588 3000 968.15
4114212.28638588 10000 938.81
4114212.28638588 10000 966.36
4114212.28638588 30000 934.53
4114212.28638588 30000 961.59
4114212.28638588 100000 924.43
4114212.28638588 100000 924.80
4114212.28638588 100000 925.36
4114212.28638588 100000 949.88
4114212.28638588 300000 902.12
4114212.28638588 300000 910.14
4114212.28638588 300000 918.73
4225407.21304496 1000 961.19
4225407.21304496 1000 985.39
4225407.21304496 3000 960.72
4225407.21304496 3000 984.88
4225407.21304496 10000 959.07
4225407.21304496 10000 983.08
4225407.21304496 30000 953.30
4225407.21304496 30000 953.31
4225407.21304496 30000 954.78
4225407.21304496 30000 978.32
4225407.21304496 100000 945.54
4225407.21304496 100000 947.22
4225407.21304496 100000 948.44
4225407.21304496 100000 966.60
4225407.21304496 300000 922.01
4225407.21304496 300000 931.96
4225407.21304496 300000 935.40
4336602.13970403 1000 981.38
4336602.13970403 1000 982.05
4336602.13970403 1000 982.37
4336602.13970403 1000 1002.11
4336602.13970403 3000 980.91
4336602.13970403 3000 981.62
4336602.13970403 3000 981.95
4336602.13970403 3000 1001.59
4336602.13970403 10000 979.26
4336602.13970403 10000 980.12
4336602.13970403 10000 980.49
4336602.13970403 10000 999.79
4336602.13970403 30000 974.95
4336602.13970403 30000 976.28
4336602.13970403 30000 976.79
4336602.13970403 30000 995.03
4336602.13970403 100000 965.63
4336602.13970403 100000 969.78
4336602.13970403 100000 972.18
4336602.13970403 100000 983.29
4336602.13970403 300000 941.78
4336602.13970403 300000 952.04
4336602.13970403 300000 953.62
4447797.06636311 1000 1001.48
4447797.06636311 1000 1004.80
4447797.06636311 1000 1005.95
4447797.06636311 1000 1018.79
4447797.06636311 3000 1001.00
4447797.06636311 3000 1004.36
4447797.06636311 3000 1005.53
4447797.06636311 3000 1018.28
4447797.06636311 10000 999.35
4447797.06636311 10000 1002.84
4447797.06636311 10000 1004.08
4447797.06636311 10000 1016.48
4447797.06636311 30000 995.02
4447797.06636311 30000 998.95
4447797.06636311 30000 1000.41
4447797.06636311 30000 1011.71
4447797.06636311 100000 985.61
4447797.06636311 100000 992.12
4447797.06636311 100000 999.96
4447797.06636311 300000 961.43
4447797.06636311 300000 968.64
4447797.06636311 300000 975.12
4558991.99302219 1000 1021.47
4558991.99302219 1000 1027.28
4558991.99302219 1000 1029.64
4558991.99302219 1000 1035.45
4558991.99302219 3000 1021.00
4558991.99302219 3000 1026.84
4558991.99302219 3000 1029.23
4558991.99302219 3000 1034.94
4558991.99302219 10000 1019.34
4558991.99302219 10000 1025.30
4558991.99302219 10000 1027.78
4558991.99302219 10000 1033.14
4558991.99302219 30000 1014.99
4558991.99302219 30000 1021.36
4558991.99302219 30000 1024.13
4558991.99302219 30000 1028.36
4558991.99302219 100000 1005.49
4558991.99302219 100000 1014.25
4558991.99302219 100000 1016.59
4558991.99302219 300000 980.94
4558991.99302219 300000 985.19
4670186.91968127 1000 1041.35
4670186.91968127 1000 1049.53
4670186.91968127 1000 1052.07
4670186.91968127 3000 1040.88
4670186.91968127 3000 1049.08
4670186.91968127 3000 1051.56
4670186.91968127 10000 1039.21
4670186.91968127 10000 1047.54
4670186.91968127 10000 1049.75
4670186.91968127 30000 1034.85
4670186.91968127 30000 1043.56
4670186.91968127 30000 1044.98
4670186.91968127 100000 1025.24
4670186.91968127 100000 1033.18
4670186.91968127 100000 1036.17
4670186.91968127 300000 1000.32
4670186.91968127 300000 1001.68
4781381.84634034 1000 1061.11
4781381.84634034 1000 1068.65
4781381.84634034 1000 1071.56
4781381.84634034 3000 1060.63
4781381.84634034 3000 1068.13
4781381.84634034 3000 1071.11
4781381.84634034 10000 1058.96
4781381.84634034 10000 1066.33
4781381.84634034 10000 1069.55
4781381.84634034 30000 1054.58
4781381.84634034 30000 1061.55
4781381.84634034 30000 1065.53
4781381.84634034 100000 1044.85
4781381.84634034 100000 1049.72
4781381.84634034 100000 1057.90
4781381.84634034 300000 1018.10
4781381.84634034 300000 1019.55
4892576.77299942 1000 1080.73
4892576.77299942 1000 1085.17
4892576.77299942 1000 1093.37
4892576.77299942 3000 1080.25
4892576.77299942 3000 1084.66
4892576.77299942 3000 1092.92
4892576.77299942 10000 1078.57
4892576.77299942 10000 1082.85
4892576.77299942 10000 1091.35
4892576.77299942 30000 1074.17
4892576.77299942 30000 1078.06
4892576.77299942 30000 1087.30
4892576.77299942 100000 1064.33
4892576.77299942 100000 1066.19
4892576.77299942 100000 1079.43
4892576.77299942 300000 1034.45
4892576.77299942 300000 1038.62
5003771.6996585 1000 1100.21
5003771.6996585 1000 1101.63
5003771.6996585 1000 1114.98
5003771.6996585 3000 1099.72
5003771.6996585 3000 1101.11
5003771.6996585 3000 1114.53
5003771.6996585 10000 1098.04
5003771.6996585 10000 1099.31
5003771.6996585 10000 1112.94
5003771.6996585 30000 1093.62
5003771.6996585 30000 1094.51
5003771.6996585 30000 1108.85
5003771.6996585 100000 1082.60
5003771.6996585 100000 1083.65
5003771.6996585 300000 1050.72
5003771.6996585 300000 1057.55
5114966.62631758 1000 1118.02
5114966.62631758 1000 1119.53
5114966.62631758 3000 1117.50
5114966.62631758 3000 1119.04
5114966.62631758 10000 1115.69
5114966.62631758 10000 1117.35
5114966.62631758 30000 1110.88
5114966.62631758 30000 1112.91
5114966.62631758 100000 1098.93
5114966.62631758 100000 1102.81
5114966.62631758 300000 1066.92
5114966.62631758 300000 1076.31
5226161.55297666 1000 1134.33
5226161.55297666 1000 1138.69
5226161.55297666 3000 1133.81
5226161.55297666 3000 1138.20
5226161.55297666 10000 1132.00
5226161.55297666 10000 1136.50
5226161.55297666 30000 1127.18
5226161.55297666 30000 1132.03
5226161.55297666 100000 1115.19
5226161.55297666 100000 1121.82
5226161.55297666 300000 1083.01
5226161.55297666 300000 1083.02
5226161.55297666 300000 1094.92
5337356.47963573 1000 1150.56
5337356.47963573 1000 1157.69
5337356.47963573 3000 1150.04
5337356.47963573 3000 1157.20
5337356.47963573 10000 1148.23
5337356.47963573 10000 1155.49
5337356.47963573 30000 1143.40
5337356.47963573 30000 1151.00
5337356.47963573 100000 1131.37
5337356.47963573 100000 1140.65
5337356.47963573 300000 1098.90
5337356.47963573 300000 1113.36
5448551.40629481 1000 1166.72
5448551.40629481 1000 1176.51
5448551.40629481 3000 1166.20
5448551.40629481 3000 1176.02
5448551.40629481 10000 1164.38
5448551.40629481 10000 1174.30
5448551.40629481 30000 1159.54
5448551.40629481 30000 1159.55
5448551.40629481 30000 1169.79
5448551.40629481 100000 1147.39
5448551.40629481 100000 1159.32
5448551.40629481 300000 1114.76
5448551.40629481 300000 1131.63
5559746.33295389 1000 1182.67
5559746.33295389 1000 1195.16
5559746.33295389 3000 1182.14
5559746.33295389 3000 1194.67
5559746.33295389 10000 1180.32
5559746.33295389 10000 1192.95
5559746.33295389 30000 1175.46
5559746.33295389 30000 1188.41
5559746.33295389 100000 1163.27
5559746.33295389 100000 1177.82
5559746.33295389 300000 1130.58
5559746.33295389 300000 1149.73
5670941.25961297 1000 1198.53
5670941.25961297 1000 1213.64
5670941.25961297 3000 1198.01
5670941.25961297 3000 1213.15
5670941.25961297 10000 1196.18
5670941.25961297 10000 1211.42
5670941.25961297 30000 1191.32
5670941.25961297 30000 1206.85
5670941.25961297 100000 1179.11
5670941.25961297 100000 1196.14
5670941.25961297 300000 1146.38
5670941.25961297 300000 1167.66
5782136.18627204 1000 1214.37
5782136.18627204 1000 1231.94
5782136.18627204 3000 1213.84
5782136.18627204 3000 1231.44
5782136.18627204 10000 1212.01
5782136.18627204 10000 1229.71
5782136.18627204 30000 1207.15
5782136.18627204 30000 1225.12
5782136.18627204 100000 1194.93
5782136.18627204 100000 1214.28
5782136.18627204 300000 1162.16
5893331.11293112 1000 1230.17
5893331.11293112 1000 1250.06
5893331.11293112 3000 1229.65
5893331.11293112 3000 1249.56
5893331.11293112 10000 1227.82
5893331.11293112 10000 1247.81
5893331.11293112 30000 1222.95
5893331.11293112 30000 1243.20
5893331.11293112 100000 1210.72
5893331.11293112 100000 1232.23
5893331.11293112 300000 1177.92
6004526.0395902 1000 1245.96
6004526.0395902 1000 1267.98
6004526.0395902 3000 1245.43
6004526.0395902 3000 1267.48
6004526.0395902 10000 1243.60
6004526.0395902 10000 1265.73
6004526.0395902 30000 1238.73
6004526.0395902 100000 1226.49
6004526.0395902 300000 1193.66
6115720.96624928 1000 1261.72
6115720.96624928 3000 1261.20
6115720.96624928 10000 1259.37
6115720.96624928 30000 1254.50
6115720.96624928 100000 1242.24
6115720.96624928 300000 1209.38
6226915.89290836 1000 1277.47
6226915.89290836 3000 1276.94
6226915.89290836 10000 1275.11
6226915.89290836 30000 1270.24
6226915.89290836 100000 1257.97
6226915.89290836 300000 1225.08
6338110.81956743 1000 1293.19
6338110.81956743 3000 1292.67
6338110.81956743 10000 1290.84
6338110.81956743 30000 1285.96
6338110.81956743 100000 1273.69
6338110.81956743 300000 1240.77
6449305.74622651 1000 1308.90
6449305.74622651 3000 1308.38
6449305.74622651 10000 1306.55
6449305.74622651 30000 1301.67
6449305.74622651 100000 1289.39
6449305.74622651 300000 1256.44
6560500.67288559 1000 1324.60
6560500.67288559 3000 1324.07
6560500.67288559 10000 1322.24
6560500.67288559 30000 1317.36
6560500.67288559 100000 1305.07
6560500.67288559 300000 1272.10
6671695.59954467 1000 1340.28
6671695.59954467 3000 1339.75
6671695.59954467 10000 1337.92
6671695.59954467 30000 1333.04
6671695.59954467 100000 1320.74
6671695.59954467 300000 1287.73
6782890.52620374 1000 1355.94
6782890.52620374 3000 1355.41
6782890.52620374 10000 1353.58
6782890.52620374 30000 1348.69
6782890.52620374 100000 1336.38
6782890.52620374 300000 1303.33
6894085.45286282 1000 1371.57
6894085.45286282 3000 1371.05
6894085.45286282 10000 1369.21
6894085.45286282 30000 1364.33
6894085.45286282 100000 1352.00
6894085.45286282 300000 1318.90
7005280.3795219 1000 1387.18
7005280.3795219 3000 1386.66
7005280.3795219 10000 1384.82
7005280.3795219 30000 1379.93
7005280.3795219 100000 1367.59
7005280.3795219 300000 1334.44
7116475.30618098 1000 1402.76
7116475.30618098 3000 1402.24
7116475.30618098 10000 1400.40
7116475.30618098 30000 1395.51
7116475.30618098 100000 1383.15
7116475.30618098 300000 1349.95
7227670.23284006 1000 1418.31
7227670.23284006 3000 1417.79
7227670.23284006 10000 1415.95
7227670.23284006 30000 1411.05
7227670.23284006 100000 1398.68
7227670.23284006 300000 1365.44
7338865.15949913 1000 1433.83
7338865.15949913 3000 1433.31
7338865.15949913 10000 1431.47
7338865.15949913 30000 1426.57
7338865.15949913 100000 1414.19
7338865.15949913 300000 1380.89
7450060.08615821 1000 1449.32
7450060.08615821 3000 1448.80
7450060.08615821 10000 1446.96
7450060.08615821 30000 1442.06
7450060.08615821 100000 1429.65
7450060.08615821 300000 1396.30
7561255.01281729 1000 1464.78
7561255.01281729 3000 1464.26
7561255.01281729 10000 1462.41
7561255.01281729 30000 1457.51
7561255.01281729 100000 1445.09
7561255.01281729 300000 1411.68
7672449.93947637 1000 1480.21
7672449.93947637 3000 1479.68
7672449.93947637 10000 1477.84
7672449.93947637 30000 1472.93
7672449.93947637 100000 1460.49
7672449.93947637 300000 1427.02
7783644.86613545 1000 1495.59
7783644.86613545 3000 1495.07
7783644.86613545 10000 1493.22
7783644.86613545 30000 1488.31
7783644.86613545 100000 1475.86
7783644.86613545 300000 1442.33
7894839.79279452 1000 1510.95
7894839.79279452 3000 1510.42
7894839.79279452 10000 1508.57
7894839.79279452 30000 1503.66
7894839.79279452 100000 1491.18
7894839.79279452 300000 1457.60
8006034.7194536 1000 1526.26
8006034.7194536 3000 1525.73
8006034.7194536 10000 1523.88
8006034.7194536 30000 1518.97
8006034.7194536 100000 1506.47
8006034.7194536 300000 1472.82
8117229.64611268 1000 1541.53
8117229.64611268 3000 1541.01
8117229.64611268 10000 1539.16
8117229.64611268 30000 1534.23
8117229.64611268 100000 1521.72
8117229.64611268 300000 1488.01
8228424.57277176 1000 1556.77
8228424.57277176 3000 1556.24
8228424.57277176 10000 1554.39
8228424.57277176 30000 1549.46
8228424.57277176 100000 1536.93
8228424.57277176 300000 1503.16
8339619.49943083 1000 1571.96
8339619.49943083 3000 1571.44
8339619.49943083 10000 1569.59
8339619.49943083 30000 1564.65
8339619.49943083 100000 1552.10
8339619.49943083 300000 1518.26
8450814.42608991 1000 1587.12
8450814.42608991 3000 1586.59
8450814.42608991 10000 1584.74
8450814.42608991 30000 1579.80
8450814.42608991 100000 1567.23
8450814.42608991 300000 1533.32
8562009.35274899 1000 1602.23
8562009.35274899 3000 1601.70
8562009.35274899 10000 1599.85
8562009.35274899 30000 1594.91
8562009.35274899 100000 1582.31
8562009.35274899 300000 1548.34
8673204.27940807 1000 1617.30
8673204.27940807 3000 1616.77
8673204.27940807 10000 1614.91
8673204.27940807 30000 1609.97
8673204.27940807 100000 1597.35
8673204.27940807 300000 1563.31
8784399.20606714 1000 1632.32
8784399.20606714 3000 1631.79
8784399.20606714 10000 1629.94
8784399.20606714 30000 1624.99
8784399.20606714 100000 1612.35
8784399.20606714 300000 1578.24
8895594.13272622 1000 1647.30
8895594.13272622 3000 1646.77
8895594.13272622 10000 1644.91
8895594.13272622 30000 1639.96
8895594.13272622 100000 1627.30
8895594.13272622 300000 1593.13
9006789.0593853 1000 1662.24
9006789.0593853 3000 1661.71
9006789.0593853 10000 1659.85
9006789.0593853 30000 1654.89
9006789.0593853 100000 1642.21
9006789.0593853 300000 1607.97
9117983.98604438 1000 1677.13
9117983.98604438 3000 1676.60
9117983.98604438 10000 1674.74
9117983.98604438 30000 1669.78
9117983.98604438 100000 1657.07
9117983.98604438 300000 1622.76
9229178.91270346 1000 1691.97
9229178.91270346 3000 1691.44
9229178.91270346 10000 1689.58
9229178.91270346 30000 1684.61
9229178.91270346 100000 1671.89
9229178.91270346 300000 1637.51
9340373.83936253 1000 1706.77
9340373.83936253 3000 1706.24
9340373.83936253 10000 1704.37
9340373.83936253 30000 1699.40
9340373.83936253 100000 1686.66
9340373.83936253 300000 1652.21
9451568.76602161 1000 1721.52
9451568.76602161 3000 1720.99
9451568.76602161 10000 1719.12
9451568.76602161 30000 1714.15
9451568.76602161 100000 1701.38
9451568.76602161 300000 1666.86
9562763.69268069 1000 1736.22
9562763.69268069 3000 1735.69
9562763.69268069 10000 1733.82
9562763.69268069 30000 1728.84
9562763.69268069 100000 1716.05
9562763.69268069 300000 1681.46
9673958.61933977 1000 1750.88
9673958.61933977 3000 1750.34
9673958.61933977 10000 1748.48
9673958.61933977 30000 1743.49
9673958.61933977 100000 1730.68
9673958.61933977 300000 1696.01
9785153.54599884 1000 1765.48
9785153.54599884 3000 1764.95
9785153.54599884 10000 1763.08
9785153.54599884 30000 1758.09
9785153.54599884 100000 1745.25
9785153.54599884 300000 1710.52
9896348.47265792 1000 1780.04
9896348.47265792 3000 1779.50
9896348.47265792 10000 1777.63
9896348.47265792 30000 1772.64
9896348.47265792 100000 1759.78
9896348.47265792 300000 1724.97
10007543.399317 1000 1794.54
10007543.399317 3000 1794.01
10007543.399317 10000 1792.14
10007543.399317 30000 1787.14
10007543.399317 100000 1774.25
10007543.399317 300000 1739.38
10118738.3259761 1000 1809.00
10118738.3259761 3000 1808.46
10118738.3259761 10000 1806.59
10118738.3259761 30000 1801.59
10118738.3259761 100000 1788.68
10118738.3259761 300000 1753.73
10229933.2526352 1000 1823.40
10229933.2526352 3000 1822.87
10229933.2526352 10000 1820.99
10229933.2526352 30000 1815.98
10229933.2526352 100000 1803.06
10229933.2526352 300000 1768.03
10341128.1792942 1000 1837.76
10341128.1792942 3000 1837.22
10341128.1792942 10000 1835.35
10341128.1792942 30000 1830.33
10341128.1792942 100000 1817.38
10341128.1792942 300000 1782.29
10452323.1059533 1000 1852.06
10452323.1059533 3000 1851.53
10452323.1059533 10000 1849.65
10452323.1059533 30000 1844.63
10452323.1059533 100000 1831.65
10452323.1059533 300000 1796.49
10563518.0326124 1000 1866.31
10563518.0326124 3000 1865.78
10563518.0326124 10000 1863.90
10563518.0326124 30000 1858.87
10563518.0326124 100000 1845.88
10563518.0326124 300000 1810.64
10674712.9592715 1000 1880.51
10674712.9592715 3000 1879.98
10674712.9592715 10000 1878.09
10674712.9592715 30000 1873.07
10674712.9592715 100000 1860.05
10674712.9592715 300000 1824.74
10785907.8859305 1000 1894.66
10785907.8859305 3000 1894.12
10785907.8859305 10000 1892.24
10785907.8859305 30000 1887.21
10785907.8859305 100000 1874.16
10785907.8859305 300000 1838.78
10897102.8125896 1000 1908.76
10897102.8125896 3000 1908.22
10897102.8125896 10000 1906.33
10897102.8125896 30000 1901.30
10897102.8125896 100000 1888.23
10897102.8125896 300000 1852.78
11008297.7392487 1000 1922.80
11008297.7392487 3000 1922.26
11008297.7392487 10000 1920.37
11008297.7392487 30000 1915.33
11008297.7392487 100000 1902.24
11008297.7392487 300000 1866.72
11119492.6659078 1000 1936.79
11119492.6659078 3000 1936.25
11119492.6659078 10000 1934.36
11119492.6659078 30000 1929.31
11119492.6659078 100000 1916.20
11119492.6659078 300000 1880.61
11230687.5925669 1000 1950.73
11230687.5925669 3000 1950.19
11230687.5925669 10000 1948.30
11230687.5925669 30000 1943.24
11230687.5925669 100000 1930.11
11230687.5925669 300000 1894.44
11341882.5192259 1000 1964.61
11341882.5192259 3000 1964.07
11341882.5192259 10000 1962.18
11341882.5192259 30000 1957.12
11341882.5192259 100000 1943.97
11341882.5192259 300000 1908.23
11453077.445885 1000 1978.44
11453077.445885 3000 1977.90
11453077.445885 10000 1976.01
11453077.445885 30000 1970.95
11453077.445885 100000 1957.77
11453077.445885 300000 1921.95
11564272.3725441 1000 1992.22
11564272.3725441 3000 1991.68
11564272.3725441 10000 1989.78
11564272.3725441 30000 1984.71
11564272.3725441 100000 1971.51
11564272.3725441 300000 1935.63
11675467.2992032 1000 2005.94
11675467.2992032 3000 2005.40
11675467.2992032 10000 2003.50
11675467.2992032 30000 1998.43
11675467.2992032 100000 1985.20
11675467.2992032 300000 1949.25
11786662.2258622 1000 2019.60
11786662.2258622 3000 2019.06
11786662.2258622 10000 2017.16
11786662.2258622 30000 2012.09
11786662.2258622 100000 1998.84
11786662.2258622 300000 1962.82
11897857.1525213 1000 2033.22
11897857.1525213 3000 2032.67
11897857.1525213 10000 2030.78
11897857.1525213 30000 2025.69
11897857.1525213 100000 2012.42
11897857.1525213 300000 1976.33
12009052.0791804 1000 2046.78
12009052.0791804 3000 2046.23
12009052.0791804 10000 2044.33
12009052.0791804 30000 2039.25
12009052.0791804 100000 2025.95
12009052.0791804 300000 1989.79
12120247.0058395 1000 2060.28
12120247.0058395 3000 2059.74
12120247.0058395 10000 2057.84
12120247.0058395 30000 2052.75
12120247.0058395 100000 2039.43
12120247.0058395 300000 2003.20
12231441.9324986 1000 2073.73
12231441.9324986 3000 2073.19
12231441.9324986 10000 2071.29
12231441.9324986 30000 2066.19
12231441.9324986 100000 2052.85
12231441.9324986 300000 2016.55
12342636.8591576 1000 2087.13
12342636.8591576 3000 2086.59
12342636.8591576 10000 2084.68
12342636.8591576 30000 2079.58
12342636.8591576 100000 2066.22
12342636.8591576 300000 2029.85
12453831.7858167 1000 2100.47
12453831.7858167 3000 2099.93
12453831.7858167 10000 2098.02
12453831.7858167 30000 2092.92
12453831.7858167 100000 2079.53
12453831.7858167 300000 2043.09
12565026.7124758 1000 2113.76
12565026.7124758 3000 2113.21
12565026.7124758 10000 2111.30
12565026.7124758 30000 2106.19
12565026.7124758 100000 2092.79
12565026.7124758 300000 2056.28
12676221.6391349 1000 2126.99
12676221.6391349 3000 2126.44
12676221.6391349 10000 2124.53
12676221.6391349 30000 2119.42
12676221.6391349 100000 2105.99
12676221.6391349 300000 2069.42
12787416.5657939 1000 2140.16
12787416.5657939 3000 2139.62
12787416.5657939 10000 2137.71
12787416.5657939 30000 2132.59
12787416.5657939 100000 2119.14
12787416.5657939 300000 2082.49
12898611.492453 1000 2153.28
12898611.492453 3000 2152.74
12898611.492453 10000 2150.82
12898611.492453 30000 2145.70
12898611.492453 100000 2132.23
12898611.492453 300000 2095.52
13009806.4191121 1000 2166.35
13009806.4191121 3000 2165.80
13009806.4191121 10000 2163.89
13009806.4191121 30000 2158.76
13009806.4191121 100000 2145.27
13009806.4191121 300000 2108.49
13121001.3457712 1000 2179.36
13121001.3457712 3000 2178.81
13121001.3457712 10000 2176.89
13121001.3457712 30000 2171.76
13121001.3457712 100000 2158.25
13121001.3457712 300000 2121.40
13232196.2724303 1000 2192.31
13232196.2724303 3000 2191.76
13232196.2724303 10000 2189.84
13232196.2724303 30000 2184.71
13232196.2724303 100000 2171.17
13232196.2724303 300000 2134.26
13343391.1990893 1000 2205.21
13343391.1990893 3000 2204.66
13343391.1990893 10000 2202.74
13343391.1990893 30000 2197.60
13343391.1990893 100000 2184.04
13343391.1990893 300000 2147.06
13454586.1257484 1000 2218.05
13454586.1257484 3000 2217.50
13454586.1257484 10000 2215.58
13454586.1257484 30000 2210.43
13454586.1257484 100000 2196.85
13454586.1257484 300000 2159.80
13565781.0524075 1000 2230.83
13565781.0524075 3000 2230.28
13565781.0524075 10000 2228.36
13565781.0524075 30000 2223.21
13565781.0524075 100000 2209.61
13565781.0524075 300000 2172.49
13676975.9790666 1000 2243.56
13676975.9790666 3000 2243.01
13676975.9790666 10000 2241.09
13676975.9790666 30000 2235.93
13676975.9790666 100000 2222.31
13676975.9790666 300000 2185.13
13788170.9057256 1000 2256.23
13788170.9057256 3000 2255.68
13788170.9057256 10000 2253.76
13788170.9057256 30000 2248.60
13788170.9057256 100000 2234.95
13788170.9057256 300000 2197.71
13899365.8323847 1000 2268.85
13899365.8323847 3000 2268.30
13899365.8323847 10000 2266.37
13899365.8323847 30000 2261.21
13899365.8323847 100000 2247.54
13899365.8323847 300000 2210.23
14010560.7590438 1000 2281.41
14010560.7590438 3000 2280.85
14010560.7590438 10000 2278.93
14010560.7590438 30000 2273.76
14010560.7590438 100000 2260.07
14010560.7590438 300000 2222.70
14121755.6857029 1000 2293.91
14121755.6857029 3000 2293.36
14121755.6857029 10000 2291.43
14121755.6857029 30000 2286.25
14121755.6857029 100000 2272.55
14121755.6857029 300000 2235.11
14232950.612362 1000 2306.35
14232950.612362 3000 2305.80
14232950.612362 10000 2303.87
14232950.612362 30000 2298.69
14232950.612362 100000 2284.97
14232950.612362 300000 2247.46
14344145.539021 1000 2318.74
14344145.539021 3000 2318.19
14344145.539021 10000 2316.26
14344145.539021 30000 2311.08
14344145.539021 100000 2297.33
14344145.539021 300000 2259.76
14455340.4656801 1000 2331.07
14455340.4656801 3000 2330.52
14455340.4656801 10000 2328.59
14455340.4656801 30000 2323.40
14455340.4656801 100000 2309.63
14455340.4656801 300000 2272.00
14566535.3923392 1000 2343.35
14566535.3923392 3000 2342.80
14566535.3923392 10000 2340.86
14566535.3923392 30000 2335.67
14566535.3923392 100000 2321.88
14566535.3923392 300000 2284.18
14677730.3189983 1000 2355.57
14677730.3189983 3000 2355.01
14677730.3189983 10000 2353.08
14677730.3189983 30000 2347.88
14677730.3189983 100000 2334.07
14677730.3189983 300000 2296.31
14788925.2456573 1000 2367.73
14788925.2456573 3000 2367.17
14788925.2456573 10000 2365.23
14788925.2456573 30000 2360.03
14788925.2456573 100000 2346.20
14788925.2456573 300000 2308.38
14900120.1723164 1000 2379.83
14900120.1723164 3000 2379.27
14900120.1723164 10000 2377.33
14900120.1723164 30000 2372.13
14900120.1723164 100000 2358.28
14900120.1723164 300000 2320.39
15011315.0989755 1000 2391.87
15011315.0989755 3000 2391.32
15011315.0989755 10000 2389.38
15011315.0989755 30000 2384.17
15011315.0989755 100000 2370.30
15011315.0989755 300000 2332.35
15122510.0256346 1000 2403.86
15122510.0256346 3000 2403.30
15122510.0256346 10000 2401.36
15122510.0256346 30000 2396.15
15122510.0256346 100000 2382.26
15122510.0256346 300000 2344.24
15233704.9522937 1000 2415.79
15233704.9522937 3000 2415.23
15233704.9522937 10000 2413.29
15233704.9522937 30000 2408.07
15233704.9522937 100000 2394.16
15233704.9522937 300000 2356.08
15344899.8789527 1000 2427.66
15344899.8789527 3000 2427.10
15344899.8789527 10000 2425.16
15344899.8789527 30000 2419.94
15344899.8789527 100000 2406.00
15344899.8789527 300000 2367.87
15456094.8056118 1000 2439.47
15456094.8056118 3000 2438.92
15456094.8056118 10000 2436.97
15456094.8056118 30000 2431.74
15456094.8056118 100000 2417.79
15456094.8056118 300000 2379.59
15567289.7322709 1000 2451.23
15567289.7322709 3000 2450.67
15567289.7322709 10000 2448.72
15567289.7322709 30000 2443.49
15567289.7322709 100000 2429.52
15567289.7322709 300000 2391.26
15678484.65893 1000 2462.92
15678484.65893 3000 2462.37
15678484.65893 10000 2460.42
15678484.65893 30000 2455.18
15678484.65893 100000 2441.19
15678484.65893 300000 2402.87
15789679.585589 1000 2474.56
15789679.585589 3000 2474.00
15789679.585589 10000 2472.05
15789679.585589 30000 2466.82
15789679.585589 100000 2452.80
15789679.585589 300000 2414.42
15900874.5122481 1000 2486.14
15900874.5122481 3000 2485.58
15900874.5122481 10000 2483.63
15900874.5122481 30000 2478.39
15900874.5122481 100000 2464.36
15900874.5122481 300000 2425.91
16012069.4389072 1000 2497.66
16012069.4389072 3000 2497.10
16012069.4389072 10000 2495.15
16012069.4389072 30000 2489.90
16012069.4389072 100000 2475.85
16012069.4389072 300000 2437.35
16123264.3655663 1000 2509.12
16123264.3655663 3000 2508.56
16123264.3655663 10000 2506.61
16123264.3655663 30000 2501.36
16123264.3655663 100000 2487.28
16123264.3655663 300000 2448.72
16234459.2922254 1000 2520.52
16234459.2922254 3000 2519.96
16234459.2922254 10000 2518.01
16234459.2922254 30000 2512.75
16234459.2922254 100000 2498.66
16234459.2922254 300000 2460.03
16345654.2188844 1000 2531.86
16345654.2188844 3000 2531.30
16345654.2188844 10000 2529.34
16345654.2188844 30000 2524.08
16345654.2188844 100000 2509.98
16345654.2188844 300000 2471.29
16456849.1455435 1000 2543.14
16456849.1455435 3000 2542.58
16456849.1455435 10000 2540.62
16456849.1455435 30000 2535.36
16456849.1455435 100000 2521.23
16456849.1455435 300000 2482.49
16568044.0722026 1000 2554.37
16568044.0722026 3000 2553.81
16568044.0722026 10000 2551.85
16568044.0722026 30000 2546.58
16568044.0722026 100000 2532.43
16568044.0722026 300000 2493.63
16679238.9988617 1000 2565.53
16679238.9988617 3000 2564.97
16679238.9988617 10000 2563.01
16679238.9988617 30000 2557.74
16679238.9988617 100000 2543.57
16679238.9988617 300000 2504.71
16790433.9255207 1000 2576.63
16790433.9255207 3000 2576.07
16790433.9255207 10000 2574.11
16790433.9255207 30000 2568.83
16790433.9255207 100000 2554.65
16790433.9255207 300000 2515.73
16901628.8521798 1000 2587.68
16901628.8521798 3000 2587.11
16901628.8521798 10000 2585.15
16901628.8521798 30000 2579.87
16901628.8521798 100000 2565.66
16901628.8521798 300000 2526.69
17012823.7788389 1000 2598.66
17012823.7788389 3000 2598.10
17012823.7788389 10000 2596.13
17012823.7788389 30000 2590.85
17012823.7788389 100000 2576.62
17012823.7788389 300000 2537.58
17124018.705498 1000 2609.58
17124018.705498 3000 2609.02
17124018.705498 10000 2607.05
17124018.705498 30000 2601.76
17124018.705498 100000 2587.52
17124018.705498 300000 2548.42
17235213.6321571 1000 2620.44
17235213.6321571 3000 2619.88
17235213.6321571 10000 2617.91
17235213.6321571 30000 2612.62
17235213.6321571 100000 2598.35
17235213.6321571 300000 2559.20
17346408.5588161 1000 2631.24
17346408.5588161 3000 2630.68
17346408.5588161 10000 2628.71
17346408.5588161 30000 2623.41
17346408.5588161 100000 2609.13
17346408.5588161 300000 2569.92
17457603.4854752 1000 2641.98
17457603.4854752 3000 2641.41
17457603.4854752 10000 2639.44
17457603.4854752 30000 2634.14
17457603.4854752 100000 2619.84
17457603.4854752 300000 2580.57
17568798.4121343 1000 2652.65
17568798.4121343 3000 2652.09
17568798.4121343 10000 2650.12
17568798.4121343 30000 2644.81
17568798.4121343 100000 2630.49
17568798.4121343 300000 2591.17
17679993.3387934 1000 2663.27
17679993.3387934 3000 2662.70
17679993.3387934 10000 2660.73
17679993.3387934 30000 2655.42
17679993.3387934 100000 2641.08
17679993.3387934 300000 2601.70
17791188.2654524 1000 2673.82
17791188.2654524 3000 2673.26
17791188.2654524 10000 2671.28
17791188.2654524 30000 2665.97
17791188.2654524 100000 2651.61
17791188.2654524 300000 2612.17
17902383.1921115 1000 2684.31
17902383.1921115 3000 2683.74
17902383.1921115 10000 2681.77
17902383.1921115 30000 2676.45
17902383.1921115 100000 2662.08
17902383.1921115 300000 2622.58
18013578.1187706 1000 2694.74
18013578.1187706 1000 3028.11
18013578.1187706 3000 2694.17
18013578.1187706 3000 3027.53
18013578.1187706 10000 2692.19
18013578.1187706 10000 3025.52
18013578.1187706 30000 2686.87
18013578.1187706 30000 3020.08
18013578.1187706 100000 2672.48
18013578.1187706 100000 3005.16
18013578.1187706 300000 2632.93
18124773.0454297 1000 2705.10
18124773.0454297 1000 3019.74
18124773.0454297 3000 2704.53
18124773.0454297 3000 3019.16
18124773.0454297 10000 2702.56
18124773.0454297 10000 3017.15
18124773.0454297 30000 2697.23
18124773.0454297 30000 3011.71
18124773.0454297 100000 2682.82
18124773.0454297 100000 2996.80
18124773.0454297 300000 2643.21
18124773.0454297 300000 2955.66
18235967.9720888 1000 2715.40
18235967.9720888 1000 3011.33
18235967.9720888 3000 2714.83
18235967.9720888 3000 3010.75
18235967.9720888 10000 2712.85
18235967.9720888 10000 3008.74
18235967.9720888 30000 2707.52
18235967.9720888 30000 3003.30
18235967.9720888 100000 2693.10
18235967.9720888 100000 2988.40
18235967.9720888 300000 2653.43
18235967.9720888 300000 2947.29
18347162.8987478 1000 2725.64
18347162.8987478 1000 3002.87
18347162.8987478 3000 2725.07
18347162.8987478 3000 3002.30
18347162.8987478 10000 2723.09
18347162.8987478 10000 3000.29
18347162.8987478 30000 2717.75
18347162.8987478 30000 2994.85
18347162.8987478 100000 2703.31
18347162.8987478 100000 2979.96
18347162.8987478 300000 2663.58
18347162.8987478 300000 2938.88
18458357.8254069 1000 2735.81
18458357.8254069 1000 2994.38
18458357.8254069 3000 2735.24
18458357.8254069 3000 2993.80
18458357.8254069 10000 2733.26
18458357.8254069 10000 2991.79
18458357.8254069 30000 2727.92
18458357.8254069 30000 2986.36
18458357.8254069 100000 2713.46
18458357.8254069 100000 2971.48
18458357.8254069 300000 2673.67
18458357.8254069 300000 2930.43
18569552.752066 1000 2745.92
18569552.752066 1000 2985.84
18569552.752066 3000 2745.35
18569552.752066 3000 2985.27
18569552.752066 10000 2743.36
18569552.752066 10000 2983.26
18569552.752066 30000 2738.02
18569552.752066 30000 2977.83
18569552.752066 100000 2723.54
18569552.752066 100000 2962.96
18569552.752066 300000 2683.70
18569552.752066 300000 2921.94
18680747.6787251 1000 2755.96
18680747.6787251 1000 2977.26
18680747.6787251 3000 2755.39
18680747.6787251 3000 2976.69
18680747.6787251 10000 2753.41
18680747.6787251 10000 2974.68
18680747.6787251 30000 2748.06
18680747.6787251 30000 2969.25
18680747.6787251 100000 2733.56
18680747.6787251 100000 2954.39
18680747.6787251 300000 2693.67
18680747.6787251 300000 2913.40
18791942.6053841 1000 2765.94
18791942.6053841 1000 2968.65
18791942.6053841 3000 2765.37
18791942.6053841 3000 2968.08
18791942.6053841 10000 2763.38
18791942.6053841 10000 2966.07
18791942.6053841 30000 2758.03
18791942.6053841 30000 2960.64
18791942.6053841 100000 2743.51
18791942.6053841 100000 2945.79
18791942.6053841 300000 2703.56
18791942.6053841 300000 2904.82
18903137.5320432 1000 2775.85
18903137.5320432 1000 2960.01
18903137.5320432 3000 2775.28
18903137.5320432 3000 2959.43
18903137.5320432 10000 2773.29
18903137.5320432 10000 2957.42
18903137.5320432 30000 2767.94
18903137.5320432 30000 2952.00
18903137.5320432 100000 2753.40
18903137.5320432 100000 2937.15
18903137.5320432 300000 2713.40
18903137.5320432 300000 2896.21
19014332.4587023 1000 2785.70
19014332.4587023 1000 2951.34
19014332.4587023 3000 2785.13
19014332.4587023 3000 2950.77
19014332.4587023 10000 2783.14
19014332.4587023 10000 2948.76
19014332.4587023 30000 2777.78
19014332.4587023 30000 2943.34
19014332.4587023 100000 2763.22
19014332.4587023 100000 2928.49
19014332.4587023 300000 2723.16
19014332.4587023 300000 2887.57
19125527.3853614 1000 2795.47
19125527.3853614 1000 2942.65
19125527.3853614 3000 2794.91
19125527.3853614 3000 2942.08
19125527.3853614 10000 2792.92
19125527.3853614 10000 2940.07
19125527.3853614 30000 2787.55
19125527.3853614 30000 2934.65
19125527.3853614 100000 2772.98
19125527.3853614 100000 2919.81
19125527.3853614 300000 2732.86
19125527.3853614 300000 2878.90
19236722.3120205 1000 2805.19
19236722.3120205 1000 2933.93
19236722.3120205 3000 2804.62
19236722.3120205 3000 2933.36
19236722.3120205 10000 2802.63
19236722.3120205 10000 2931.35
19236722.3120205 30000 2797.26
19236722.3120205 30000 2925.93
19236722.3120205 100000 2782.67
19236722.3120205 100000 2911.10
19236722.3120205 300000 2742.49
19236722.3120205 300000 2870.21
19347917.2386795 1000 2814.83
19347917.2386795 1000 2925.18
19347917.2386795 3000 2814.26
19347917.2386795 3000 2924.61
19347917.2386795 10000 2812.27
19347917.2386795 10000 2922.60
19347917.2386795 30000 2806.90
19347917.2386795 30000 2917.18
19347917.2386795 100000 2792.29
19347917.2386795 100000 2902.36
19347917.2386795 300000 2752.06
19347917.2386795 300000 2861.50
19459112.1653386 1000 2824.41
19459112.1653386 1000 2916.38
19459112.1653386 3000 2823.84
19459112.1653386 3000 2915.81
19459112.1653386 10000 2821.85
19459112.1653386 10000 2913.80
19459112.1653386 30000 2816.47
19459112.1653386 30000 2908.39
19459112.1653386 100000 2801.84
19459112.1653386 100000 2893.58
19459112.1653386 300000 2761.56
19459112.1653386 300000 2852.75
19570307.0919977 1000 2833.92
19570307.0919977 1000 2907.51
19570307.0919977 3000 2833.35
19570307.0919977 3000 2906.93
19570307.0919977 10000 2831.35
19570307.0919977 10000 2904.93
19570307.0919977 30000 2825.98
19570307.0919977 30000 2899.52
19570307.0919977 100000 2811.33
19570307.0919977 100000 2884.73
19570307.0919977 300000 2770.99
19570307.0919977 300000 2843.95
19681502.0186568 1000 2843.36
19681502.0186568 1000 2898.55
19681502.0186568 3000 2842.79
19681502.0186568 3000 2897.98
19681502.0186568 10000 2840.80
19681502.0186568 10000 2895.98
19681502.0186568 30000 2835.41
19681502.0186568 30000 2890.57
19681502.0186568 100000 2820.75
19681502.0186568 100000 2875.80
19681502.0186568 300000 2780.36
19681502.0186568 300000 2835.08
19792696.9453158 1000 2852.74
19792696.9453158 1000 2889.53
19792696.9453158 3000 2852.17
19792696.9453158 3000 2888.96
19792696.9453158 10000 2850.17
19792696.9453158 10000 2886.95
19792696.9453158 30000 2844.78
19792696.9453158 30000 2881.55
19792696.9453158 100000 2830.10
19792696.9453158 100000 2866.80
19792696.9453158 300000 2789.65
19792696.9453158 300000 2826.13
19903891.8719749 1000 2862.04
19903891.8719749 1000 2880.44
19903891.8719749 3000 2861.47
19903891.8719749 3000 2879.86
19903891.8719749 10000 2859.47
19903891.8719749 10000 2877.86
19903891.8719749 30000 2854.08
19903891.8719749 30000 2872.46
19903891.8719749 100000 2839.38
19903891.8719749 100000 2857.73
19903891.8719749 300000 2798.88
19903891.8719749 300000 2817.12
